1657055722.854587 -0.004292938 -0.003188077 0.006513982 -0.000002776 -0.000002759 0.000000963 1.000000000
1657055722.888298 -0.004891684 -0.000685627 0.005698667 -0.000001989 -0.000007026 0.000001435 1.000000000
1657055722.920824 -0.006829176 0.001254846 0.007288986 0.000001737 -0.000006312 -0.000010034 1.000000000
1657055722.954846 -0.008303163 0.001299910 0.014425274 -0.000004181 -0.000003260 -0.000006113 1.000000000
1657055722.988117 -0.012469306 0.001259913 0.020041225 0.000004467 -0.000001800 -0.000043757 1.000000000
1657055723.021306 -0.011571995 0.002041803 0.020402959 0.000022530 -0.000001338 -0.000080198 1.000000000
1657055723.054868 -0.005891487 0.007246366 0.031478517 0.000033383 -0.000005214 -0.000104414 1.000000000
1657055723.088260 -0.006117502 0.006490729 0.037966620 0.000027929 -0.000005915 -0.000105401 1.000000000
1657055723.122787 -0.007628851 0.003317548 0.022029249 0.000031786 0.000002292 -0.000120436 1.000000000
1657055723.155007 -0.007806936 0.003148234 0.021528307 0.000034069 0.000004264 -0.000123485 1.000000000
1657055723.188087 -0.009839007 0.003729632 0.011518304 0.000038703 0.000008293 -0.000140071 1.000000000
1657055723.221628 -0.001206497 0.001888401 -0.008056019 0.000034044 0.000014464 -0.000141248 1.000000000
1657055723.254122 0.009524961 0.003619857 -0.016739048 0.000026663 0.000008895 -0.000136888 1.000000000
1657055723.288090 0.008969977 0.004319557 -0.013061184 0.000028056 0.000005813 -0.000129812 1.000000000
1657055723.321118 0.007287663 0.006936406 -0.016362984 0.000030597 0.000004827 -0.000133974 1.000000000
1657055723.355312 -0.004792283 0.004992984 0.007117896 0.000027268 0.000013399 -0.000122574 1.000000000
1657055723.388081 -0.004104950 0.009549868 0.011966218 0.000026063 0.000004759 -0.000128661 1.000000000
1657055723.421347 -0.014036697 0.009746230 0.026891300 0.000036038 0.000011692 -0.000133835 1.000000000
1657055723.454696 -0.013447328 0.015531087 0.012916739 0.000043342 0.000018347 -0.000123274 1.000000000
1657055723.487738 -0.014005396 0.015376792 0.013355839 0.000043165 0.000017557 -0.000110456 1.000000000
1657055723.521384 -0.008958693 0.016663762 0.017961064 0.000045488 0.000006082 -0.000132929 1.000000000
1657055723.554396 -0.013795221 0.016049922 0.022876725 0.000050406 0.000013243 -0.000139989 1.000000000
1657055723.587616 -0.024000524 0.015530970 0.040551860 0.000059412 0.000012175 -0.000164434 1.000000000
1657055723.620817 -0.030883724 0.023279872 0.049112469 0.000076309 0.000012792 -0.000186257 1.000000000
1657055723.653462 -0.036928810 0.021834256 0.059144601 0.000063582 0.000015068 -0.000158788 1.000000000
1657055723.687281 -0.035396609 0.020687040 0.060414031 0.000070201 0.000017526 -0.000158165 1.000000000
1657055723.720181 -0.043226376 0.021065898 0.069095232 0.000078050 0.000023100 -0.000173416 1.000000000
1657055723.753430 -0.042567767 0.020738985 0.069679767 0.000078007 0.000022176 -0.000175012 1.000000000
1657055723.787653 -0.041533966 0.017555544 0.068225466 0.000079553 0.000024685 -0.000191851 1.000000000
1657055723.820022 -0.037644695 0.018108619 0.057259075 0.000083156 0.000022623 -0.000201161 1.000000000
1657055723.853598 -0.034909416 0.016278036 0.057874240 0.000086006 0.000016648 -0.000199269 1.000000000
1657055723.887164 -0.035391539 0.018100211 0.060426500 0.000085969 0.000023043 -0.000197415 1.000000000
1657055723.920339 -0.039064035 0.016692800 0.071015112 0.000071162 0.000022064 -0.000195434 1.000000000
1657055723.954269 -0.037041388 0.013781295 0.073238522 0.000053467 0.000015223 -0.000165497 1.000000000
1657055723.986980 -0.043632820 0.013043191 0.074792333 0.000028258 0.000022786 -0.000136669 1.000000000
1657055724.020487 -0.029343249 0.012254043 0.063822992 0.000025930 0.000025410 -0.000146064 1.000000000
1657055724.053483 -0.022899570 0.010985030 0.052208930 0.000015704 0.000016624 -0.000134449 1.000000000
1657055724.087199 -0.033722077 0.010460961 0.056361683 0.000004510 0.000031083 -0.000119386 1.000000000
1657055724.120616 -0.044887166 0.009881147 0.079406351 -0.000003552 0.000027189 -0.000106714 1.000000000
1657055724.153765 -0.039639730 0.013795778 0.078653529 0.000002881 0.000015196 -0.000101946 1.000000000
1657055724.186952 -0.039216444 0.012537971 0.079061583 -0.000003547 0.000015968 -0.000091318 1.000000000
1657055724.220422 -0.044677369 0.017649401 0.085524321 0.000008256 0.000020726 -0.000093057 1.000000000
1657055724.253942 -0.050149582 0.023145415 0.084512100 -0.000000291 0.000024237 -0.000068511 1.000000000
1657055724.286690 -0.055405956 0.019535577 0.082470678 -0.000023443 0.000033396 -0.000036303 1.000000000
1657055724.320145 -0.045971487 0.014782191 0.078622408 -0.000029997 0.000026140 -0.000049103 1.000000000
1657055724.353551 -0.038437597 0.021748995 0.066667832 -0.000036649 0.000035848 -0.000011397 1.000000000
1657055724.386041 -0.029985126 0.024712292 0.057134390 -0.000056341 0.000027878 0.000009832 1.000000000
1657055724.420048 -0.025607416 0.020321717 0.050665360 -0.000064198 0.000027056 0.000015654 1.000000000
1657055724.453169 -0.019549705 0.021899041 0.033957858 -0.000087426 0.000034834 0.000042745 1.000000000
1657055724.486536 -0.027908752 0.013786218 0.047335275 -0.000085649 0.000028189 0.000028869 1.000000000
1657055724.519799 -0.029500652 0.015465436 0.044735707 -0.000093656 0.000029267 0.000041481 1.000000000
1657055724.553040 -0.034495477 0.019963868 0.041578762 -0.000082185 0.000041513 0.000029248 1.000000000
1657055724.586334 -0.043060657 0.011090091 0.056639839 -0.000104592 0.000036766 0.000047503 1.000000000
1657055724.619676 -0.039970286 0.012962696 0.056377120 -0.000109890 0.000033896 0.000039930 1.000000000
1657055724.652960 -0.039098941 0.008297352 0.046913330 -0.000111053 0.000044033 0.000033355 1.000000000
1657055724.686471 -0.032933485 0.009833927 0.034438327 -0.000136153 0.000041791 0.000066776 1.000000000
1657055724.719156 -0.037080947 0.010523789 0.034883484 -0.000138643 0.000046892 0.000073460 1.000000000
1657055724.753054 -0.037236877 0.006409009 0.041690897 -0.000144078 0.000050766 0.000055813 1.000000000
1657055724.785628 -0.040650368 0.004744706 0.045745905 -0.000154692 0.000053438 0.000078647 1.000000000
1657055724.820033 -0.036108650 0.000612640 0.037336878 -0.000170406 0.000050897 0.000092949 1.000000000
1657055724.853276 -0.035519920 0.000776868 0.037418414 -0.000179737 0.000044778 0.000105511 1.000000000
1657055724.886321 -0.032983620 0.005551676 0.025490634 -0.000186605 0.000047500 0.000140611 0.999999940
1657055724.919560 -0.036991850 -0.002297794 0.024968287 -0.000211680 0.000057208 0.000157492 0.999999940
1657055724.952213 -0.038055975 0.007527769 0.031494282 -0.000206851 0.000045376 0.000156223 0.999999940
1657055724.986113 -0.030796699 0.006477192 0.030601600 -0.000208896 0.000037430 0.000164046 0.999999940
1657055725.019592 -0.028972069 0.005772603 0.042099342 -0.000204772 0.000035196 0.000171239 0.999999940
1657055725.052539 -0.029005527 -0.000280624 0.041379564 -0.000230716 0.000029945 0.000192386 0.999999940
1657055725.086235 -0.021091031 -0.000683126 0.022743307 -0.000217000 0.000030214 0.000166274 0.999999940
1657055725.118739 -0.011213269 0.005939363 0.012353191 -0.000229908 0.000023943 0.000206346 0.999999940
1657055725.152569 -0.005976503 0.005105115 0.006766080 -0.000241569 0.000025542 0.000228644 0.999999940
1657055725.185876 0.002645827 0.004891673 -0.004776253 -0.000257836 0.000028040 0.000265739 0.999999940
1657055725.218797 0.008984298 -0.002682197 -0.021045865 -0.000281589 0.000024494 0.000292188 0.999999881
1657055725.253276 -0.002465176 -0.005048572 -0.012969482 -0.000303049 0.000020086 0.000319788 0.999999881
1657055725.285128 0.005969955 -0.011860055 -0.036010541 -0.000304580 0.000027319 0.000315442 0.999999881
1657055725.319587 0.002051497 -0.007491863 -0.035163414 -0.000295820 0.000015914 0.000315326 0.999999881
1657055725.352296 0.003670159 -0.008521752 -0.025316948 -0.000308598 0.000003078 0.000360786 0.999999881
1657055725.385417 0.000631576 -0.008057200 -0.025079103 -0.000312975 -0.000012579 0.000367618 0.999999881
1657055725.419229 0.008310964 -0.015340662 -0.042808730 -0.000314437 -0.000028634 0.000365902 0.999999881
1657055725.451743 0.007678009 -0.014034772 -0.049783520 -0.000303428 -0.000027944 0.000333200 0.999999881
1657055725.485567 0.004207188 -0.010490092 -0.040906992 -0.000318558 -0.000031560 0.000374894 0.999999881
1657055725.518434 0.004374301 -0.005206402 -0.036579639 -0.000330269 -0.000030733 0.000412186 0.999999881
1657055725.552565 0.005898993 -0.006717441 -0.044492666 -0.000331204 -0.000037447 0.000410463 0.999999881
1657055725.585681 0.007731143 -0.006698193 -0.040135302 -0.000352459 -0.000046944 0.000456651 0.999999821
1657055725.619104 0.011928403 -0.008310502 -0.049006969 -0.000358500 -0.000060522 0.000485013 0.999999821
1657055725.652165 0.014764635 -0.010529509 -0.054495245 -0.000375311 -0.000072798 0.000502941 0.999999821
1657055725.684922 0.020880245 -0.008429907 -0.057437733 -0.000402406 -0.000078493 0.000543725 0.999999762
1657055725.718778 0.016392376 -0.009502466 -0.045990217 -0.000403127 -0.000094498 0.000552231 0.999999762
1657055725.752254 0.010261604 -0.007696881 -0.034482013 -0.000405268 -0.000101935 0.000537393 0.999999762
1657055725.785466 0.011231696 -0.003581186 -0.032768577 -0.000415777 -0.000113705 0.000556384 0.999999762
1657055725.818822 0.015921628 -0.005613433 -0.026043428 -0.000439570 -0.000122114 0.000589733 0.999999702
1657055725.851447 0.017533010 -0.007467485 -0.029600250 -0.000467437 -0.000122533 0.000611238 0.999999702
1657055725.885298 0.017925460 -0.005056257 -0.031095996 -0.000477768 -0.000132207 0.000644940 0.999999642
1657055725.918941 0.019551087 -0.006181524 -0.033636931 -0.000496332 -0.000128607 0.000669666 0.999999642
1657055725.951242 0.022625886 -0.005689431 -0.031542465 -0.000497313 -0.000143729 0.000651509 0.999999642
1657055725.985357 0.023948580 -0.007946812 -0.029434087 -0.000499798 -0.000149499 0.000642699 0.999999642
1657055726.017966 0.024961587 -0.009057920 -0.028004915 -0.000498266 -0.000148270 0.000623920 0.999999642
1657055726.052298 0.030366067 -0.014496316 -0.034111626 -0.000512939 -0.000161127 0.000626855 0.999999642
1657055726.085112 0.034488454 -0.018102571 -0.043810371 -0.000526171 -0.000180372 0.000652711 0.999999642
1657055726.118328 0.036185484 -0.017961433 -0.048624765 -0.000546036 -0.000185988 0.000669300 0.999999583
1657055726.151889 0.042025093 -0.020218141 -0.062971853 -0.000557696 -0.000186225 0.000671481 0.999999583
1657055726.184448 0.043963298 -0.020150954 -0.066896670 -0.000557609 -0.000184587 0.000665173 0.999999583
1657055726.218361 0.041690964 -0.020445637 -0.053435437 -0.000571761 -0.000199817 0.000697090 0.999999583
1657055726.251711 0.040342629 -0.018207654 -0.055843074 -0.000576247 -0.000205450 0.000695473 0.999999583
1657055726.285314 0.041761927 -0.017042618 -0.055035271 -0.000589156 -0.000216492 0.000705988 0.999999583
1657055726.318416 0.038340319 -0.015672173 -0.046483506 -0.000600432 -0.000224357 0.000713059 0.999999523
1657055726.352252 0.036106944 -0.011888589 -0.038634796 -0.000581900 -0.000237284 0.000677955 0.999999583
1657055726.384760 0.039140202 -0.013429329 -0.044063400 -0.000592122 -0.000238006 0.000702890 0.999999523
1657055726.418537 0.035464495 -0.014793254 -0.041337948 -0.000600200 -0.000249490 0.000680055 0.999999523
1657055726.451111 0.037781004 -0.013653160 -0.039845411 -0.000597585 -0.000253173 0.000656774 0.999999583
1657055726.484320 0.038819693 -0.018731380 -0.045681398 -0.000601091 -0.000258659 0.000620779 0.999999583
1657055726.517581 0.035214450 -0.018049875 -0.044268828 -0.000602062 -0.000256622 0.000633290 0.999999583
1657055726.550920 0.030464096 -0.016259393 -0.036997683 -0.000609810 -0.000252658 0.000654817 0.999999583
1657055726.584116 0.027516497 -0.014567950 -0.035369720 -0.000613970 -0.000250206 0.000668500 0.999999523
1657055726.617687 0.031802814 -0.013532159 -0.040598676 -0.000614625 -0.000246216 0.000679315 0.999999523
1657055726.650989 0.032175239 -0.013311711 -0.038332686 -0.000613329 -0.000242669 0.000683072 0.999999523
1657055726.684504 0.032779366 -0.013844251 -0.042578023 -0.000607711 -0.000236860 0.000675848 0.999999583
1657055726.717842 0.025043514 -0.005641472 -0.016139518 -0.000587945 -0.000236896 0.000691360 0.999999583
1657055726.751027 0.028246153 -0.011690096 -0.021839464 -0.000582933 -0.000233890 0.000671564 0.999999583
1657055726.785164 0.025252555 -0.014977339 -0.022826629 -0.000560233 -0.000217768 0.000626676 0.999999642
1657055726.817975 0.017972119 -0.011545351 -0.013798675 -0.000572047 -0.000201504 0.000631496 0.999999642
1657055726.850366 0.018527081 -0.012897931 -0.011891387 -0.000570284 -0.000195764 0.000622101 0.999999642
1657055726.884608 0.008193423 -0.014139329 0.008024407 -0.000556888 -0.000184480 0.000605761 0.999999642
1657055726.917305 0.010370788 -0.018152365 0.003029472 -0.000530249 -0.000165071 0.000551902 0.999999702
1657055726.951712 0.011178176 -0.018185923 -0.001474668 -0.000522293 -0.000153288 0.000540801 0.999999702
1657055726.984099 0.011102682 -0.015414459 -0.006915702 -0.000521962 -0.000140337 0.000544885 0.999999702
1657055727.017792 0.009343555 -0.010426455 -0.001815160 -0.000515401 -0.000128718 0.000530951 0.999999702
1657055727.050688 0.009994430 -0.010274307 0.003481975 -0.000509085 -0.000116269 0.000519725 0.999999702
1657055727.084087 0.000639518 -0.012436827 0.016261024 -0.000506541 -0.000098761 0.000500821 0.999999762
1657055727.117564 0.000082314 -0.006990881 0.018275522 -0.000482074 -0.000076945 0.000477432 0.999999762
1657055727.150521 0.000391958 -0.008395648 0.012637551 -0.000488347 -0.000069204 0.000487556 0.999999762
1657055727.185818 0.001444407 -0.010315835 0.015450936 -0.000488904 -0.000073337 0.000474286 0.999999762
1657055727.217396 -0.000943549 -0.006963628 0.027087834 -0.000511959 -0.000073457 0.000508884 0.999999762
1657055727.250258 -0.001147308 -0.006703013 0.029686876 -0.000499110 -0.000058667 0.000485435 0.999999762
1657055727.284038 -0.001004229 -0.016455058 0.027968256 -0.000511893 -0.000056768 0.000485639 0.999999762
1657055727.316778 0.001559596 -0.016347904 0.026024325 -0.000494192 -0.000052066 0.000482172 0.999999762
1657055727.351449 0.001319854 -0.020201199 0.036604200 -0.000498069 -0.000048517 0.000464713 0.999999762
1657055727.383751 0.005375234 -0.017801603 0.031907491 -0.000468769 -0.000039764 0.000428999 0.999999821
1657055727.416974 -0.007738675 -0.012094152 0.057711251 -0.000463136 -0.000038002 0.000416022 0.999999821
1657055727.450484 -0.013522941 -0.007947556 0.061298843 -0.000449389 -0.000018439 0.000378449 0.999999821
1657055727.483197 -0.006458933 -0.009658137 0.042715486 -0.000425787 -0.000010572 0.000335127 0.999999821
1657055727.517187 -0.006009607 -0.008421643 0.035966314 -0.000403464 -0.000003796 0.000288870 0.999999881
1657055727.550217 0.002173426 -0.011132120 0.029093107 -0.000394519 -0.000007572 0.000262329 0.999999881
1657055727.583939 0.006270288 -0.015354339 0.028068405 -0.000402374 -0.000018463 0.000272680 0.999999881
1657055727.617049 0.012017949 -0.013633474 0.013309408 -0.000385415 -0.000018289 0.000261992 0.999999881
1657055727.649608 0.014381773 -0.018457567 0.011592020 -0.000386257 -0.000022728 0.000243588 0.999999881
1657055727.683470 0.012911575 -0.018436724 0.010389714 -0.000380608 -0.000021773 0.000224791 0.999999881
1657055727.716613 0.010845173 -0.020811569 0.001047422 -0.000382285 -0.000006814 0.000200144 0.999999881
1657055727.750256 0.023410730 -0.027542315 -0.019151621 -0.000380568 -0.000015707 0.000185115 0.999999881
1657055727.783588 0.030814823 -0.028136747 -0.022875186 -0.000387510 -0.000028337 0.000178806 0.999999881
1657055727.816627 0.034652673 -0.045537665 -0.032752309 -0.000380722 -0.000029149 0.000124557 0.999999940
1657055727.850024 0.049282182 -0.047738489 -0.066423155 -0.000397151 -0.000030926 0.000150875 0.999999881
1657055727.882761 0.046780229 -0.043101974 -0.074379399 -0.000391738 -0.000023876 0.000151576 0.999999881
1657055727.916599 0.047044717 -0.043280676 -0.074847989 -0.000404453 -0.000027384 0.000154092 0.999999881
1657055727.949895 0.044909894 -0.042812046 -0.072093397 -0.000411753 -0.000024069 0.000157971 0.999999881
1657055727.983259 0.042584457 -0.042684454 -0.069439210 -0.000411102 -0.000036387 0.000152497 0.999999881
1657055728.016550 0.041754704 -0.039611608 -0.064034641 -0.000388623 -0.000048105 0.000137619 0.999999881
1657055728.049614 0.038505252 -0.033553936 -0.070235513 -0.000382236 -0.000043413 0.000127629 0.999999940
1657055728.082954 0.055388127 -0.034983482 -0.093759030 -0.000381900 -0.000049337 0.000117493 0.999999940
1657055728.116433 0.044050384 -0.040392209 -0.075046711 -0.000377081 -0.000042554 0.000104467 0.999999940
1657055728.149074 0.046702217 -0.041850973 -0.074308142 -0.000374554 -0.000043974 0.000127835 0.999999940
1657055728.183144 0.041533362 -0.040035140 -0.065289445 -0.000368632 -0.000048285 0.000110718 0.999999940
1657055728.216005 0.037838824 -0.040216800 -0.062858663 -0.000359365 -0.000056079 0.000114501 0.999999940
1657055728.250102 0.038330063 -0.037254911 -0.058998678 -0.000372881 -0.000061824 0.000151627 0.999999940
1657055728.282340 0.051920053 -0.045839734 -0.071590140 -0.000381915 -0.000077933 0.000147137 0.999999881
1657055728.316412 0.062563896 -0.045833021 -0.084207505 -0.000402701 -0.000083676 0.000168396 0.999999881
1657055728.349675 0.047295846 -0.051486719 -0.056022152 -0.000428970 -0.000085477 0.000181795 0.999999881
1657055728.383129 0.034845524 -0.052779369 -0.023185605 -0.000438556 -0.000097519 0.000217258 0.999999881
1657055728.415676 0.037011489 -0.060873412 -0.022471488 -0.000468629 -0.000099432 0.000279892 0.999999821
1657055728.450085 0.042537238 -0.057821371 -0.035839714 -0.000471246 -0.000089172 0.000286134 0.999999821
1657055728.483408 0.035460249 -0.063549593 -0.035571102 -0.000477164 -0.000092587 0.000307122 0.999999821
1657055728.516074 0.031669058 -0.066428192 -0.034022838 -0.000484789 -0.000094778 0.000335718 0.999999821
1657055728.549388 0.029936612 -0.070914514 -0.034538455 -0.000492016 -0.000099211 0.000349637 0.999999821
1657055728.582806 0.026857557 -0.071397066 -0.036011823 -0.000502453 -0.000107666 0.000354471 0.999999821
1657055728.615959 0.026285296 -0.069056660 -0.040026706 -0.000497943 -0.000105848 0.000348268 0.999999821
1657055728.648780 0.019248130 -0.068039097 -0.028433846 -0.000493375 -0.000107647 0.000342926 0.999999821
1657055728.682114 0.011118460 -0.066791818 -0.022419183 -0.000500721 -0.000098293 0.000349518 0.999999821
1657055728.715264 0.013925830 -0.065906689 -0.025677070 -0.000524810 -0.000093258 0.000391139 0.999999762
1657055728.749828 0.011730012 -0.063296489 -0.020927371 -0.000520368 -0.000093568 0.000379459 0.999999762
1657055728.782239 0.014664870 -0.069277309 -0.019047366 -0.000529495 -0.000090337 0.000371260 0.999999762
1657055728.815683 0.012063097 -0.070221983 -0.011478561 -0.000530662 -0.000097192 0.000372234 0.999999762
1657055728.848505 0.006095934 -0.072254285 0.011710285 -0.000523465 -0.000104722 0.000360761 0.999999762
1657055728.882294 0.004833586 -0.065606661 0.031079961 -0.000512039 -0.000107485 0.000356223 0.999999821
1657055728.916166 0.008787857 -0.069512106 0.023499342 -0.000521223 -0.000100680 0.000354820 0.999999821
1657055728.948478 0.007916356 -0.066590905 0.038381275 -0.000521887 -0.000103879 0.000383443 0.999999762
1657055728.982312 0.010815393 -0.061834857 0.030630747 -0.000514564 -0.000107028 0.000379403 0.999999762
1657055729.015877 0.011165624 -0.065919966 0.031829413 -0.000545565 -0.000101596 0.000427681 0.999999762
1657055729.049121 0.022425042 -0.061018068 0.022302300 -0.000536201 -0.000108555 0.000408312 0.999999762
1657055729.082175 0.029324895 -0.074800767 0.007584208 -0.000541297 -0.000114109 0.000389686 0.999999762
1657055729.115404 0.036007877 -0.073506683 -0.006158635 -0.000539538 -0.000113923 0.000378275 0.999999762
1657055729.148716 0.036803976 -0.079041637 -0.001316572 -0.000552751 -0.000114611 0.000386048 0.999999762
1657055729.182283 0.050136622 -0.077663474 -0.025009014 -0.000575832 -0.000122680 0.000426631 0.999999702
1657055729.215373 0.046907622 -0.078994535 -0.018978143 -0.000591102 -0.000121777 0.000453187 0.999999702
1657055729.248806 0.035499226 -0.077390008 0.000788821 -0.000600510 -0.000124701 0.000485599 0.999999702
1657055729.281899 0.024553936 -0.076357782 0.028771326 -0.000590586 -0.000126504 0.000476997 0.999999702
1657055729.315261 0.025558868 -0.075733639 0.034970749 -0.000588665 -0.000138350 0.000472802 0.999999702
1657055729.348583 0.020682262 -0.068993360 0.041215468 -0.000572652 -0.000130582 0.000433240 0.999999702
1657055729.382052 0.022444353 -0.071274616 0.035436083 -0.000571199 -0.000132601 0.000394425 0.999999762
1657055729.415330 0.022982622 -0.070476875 0.035757761 -0.000579745 -0.000141346 0.000399868 0.999999762
1657055729.448478 0.020729458 -0.068917841 0.051182099 -0.000594977 -0.000147097 0.000427785 0.999999702
1657055729.481835 0.021830099 -0.070274040 0.049600437 -0.000601888 -0.000150270 0.000442762 0.999999702
1657055729.515412 0.023260733 -0.061112151 0.059196491 -0.000577508 -0.000152521 0.000422417 0.999999702
1657055729.547713 0.020084485 -0.063995913 0.065925941 -0.000586517 -0.000153002 0.000430945 0.999999702
1657055729.581162 0.021201927 -0.057126381 0.071192801 -0.000576235 -0.000158747 0.000422242 0.999999702
1657055729.614925 0.019105336 -0.055450581 0.086717628 -0.000593897 -0.000169119 0.000461478 0.999999702
1657055729.648375 0.013057437 -0.056297835 0.091884747 -0.000597646 -0.000165333 0.000441715 0.999999702
1657055729.681070 0.017269690 -0.057810441 0.088335238 -0.000604595 -0.000171141 0.000453828 0.999999702
1657055729.714903 0.014032034 -0.053875521 0.097844720 -0.000595165 -0.000176684 0.000437789 0.999999702
1657055729.748240 0.012540479 -0.054332681 0.095739767 -0.000613251 -0.000182308 0.000452129 0.999999702
1657055729.781793 0.008408424 -0.052452620 0.097971991 -0.000606521 -0.000181506 0.000429789 0.999999702
1657055729.815592 -0.000389449 -0.045778830 0.123947360 -0.000616710 -0.000197225 0.000452704 0.999999702
1657055729.848188 0.003739103 -0.046213917 0.121614717 -0.000647980 -0.000206491 0.000504149 0.999999642
1657055729.881598 0.001309784 -0.049135108 0.125890702 -0.000674287 -0.000216201 0.000541457 0.999999583
1657055729.914293 0.001050463 -0.054543853 0.125794411 -0.000683549 -0.000217572 0.000542625 0.999999583
1657055729.948236 -0.005529069 -0.051962629 0.136683434 -0.000683270 -0.000225997 0.000552918 0.999999583
1657055729.981559 -0.005958181 -0.052773248 0.137828544 -0.000714846 -0.000230593 0.000602780 0.999999523
1657055730.015059 -0.005075028 -0.048657704 0.147213995 -0.000733324 -0.000238978 0.000640433 0.999999464
1657055730.047896 -0.011096438 -0.048358060 0.160010278 -0.000732596 -0.000236183 0.000617406 0.999999523
1657055730.081518 -0.008978792 -0.053230304 0.150608525 -0.000746570 -0.000238089 0.000635951 0.999999464
1657055730.114840 -0.010493061 -0.049101561 0.157501042 -0.000758881 -0.000239355 0.000663349 0.999999464
1657055730.147476 -0.009037741 -0.049025286 0.156565383 -0.000782961 -0.000255675 0.000699235 0.999999404
1657055730.181118 -0.011739576 -0.048680846 0.156050175 -0.000797283 -0.000260136 0.000725744 0.999999404
1657055730.214428 -0.014213171 -0.045108967 0.154588476 -0.000808516 -0.000267735 0.000738003 0.999999344
1657055730.247118 -0.014912872 -0.045025326 0.150893793 -0.000823728 -0.000277108 0.000750181 0.999999344
1657055730.280956 -0.017591901 -0.045424957 0.151620165 -0.000821011 -0.000271951 0.000745783 0.999999344
1657055730.313936 -0.024419552 -0.046877567 0.167141050 -0.000819890 -0.000272462 0.000720164 0.999999344
1657055730.347401 -0.023139352 -0.046806835 0.165240899 -0.000825347 -0.000279292 0.000698867 0.999999404
1657055730.381474 -0.020613391 -0.052043844 0.160168618 -0.000839250 -0.000291322 0.000706518 0.999999344
1657055730.413987 -0.012102975 -0.055420365 0.151528105 -0.000865097 -0.000309174 0.000713530 0.999999344
1657055730.447983 -0.012654381 -0.056946333 0.143639714 -0.000859626 -0.000307134 0.000717105 0.999999344
1657055730.480736 -0.014748816 -0.053494062 0.142885596 -0.000864689 -0.000318625 0.000735463 0.999999285
1657055730.515078 -0.012947565 -0.054463089 0.141346872 -0.000883929 -0.000330997 0.000755177 0.999999285
1657055730.547411 -0.025219278 -0.054479972 0.170625716 -0.000922863 -0.000342212 0.000836384 0.999999166
1657055730.581079 -0.019106988 -0.058703769 0.152483985 -0.000944201 -0.000354705 0.000847272 0.999999106
1657055730.614494 -0.019813953 -0.059369419 0.156357482 -0.000971440 -0.000373767 0.000887384 0.999999046
1657055730.647630 -0.018360402 -0.057270575 0.157524332 -0.000989160 -0.000384443 0.000920261 0.999998987
1657055730.680502 -0.016685376 -0.061876189 0.157450810 -0.001014362 -0.000406209 0.000958642 0.999998927
1657055730.713814 -0.019666174 -0.063674107 0.160519361 -0.001027165 -0.000415155 0.000955380 0.999998927
1657055730.747076 -0.022104064 -0.062404018 0.163924366 -0.001061313 -0.000424572 0.000969584 0.999998868
1657055730.780493 -0.025915505 -0.065254994 0.167492986 -0.001082875 -0.000437959 0.000978470 0.999998808
1657055730.814145 -0.020949462 -0.067318693 0.159665689 -0.001107581 -0.000451691 0.001003297 0.999998748
1657055730.847120 -0.023159288 -0.064372286 0.158184871 -0.001109276 -0.000465064 0.001009517 0.999998748
1657055730.880179 -0.006116450 -0.071666330 0.131348908 -0.001158688 -0.000478244 0.001062514 0.999998629
1657055730.913921 -0.010233188 -0.068087637 0.121008269 -0.001147112 -0.000494151 0.001054895 0.999998689
1657055730.947343 -0.002963893 -0.071426801 0.105405271 -0.001173067 -0.000513006 0.001084001 0.999998569
1657055730.980362 -0.001225602 -0.071539372 0.098889202 -0.001161768 -0.000518696 0.001097389 0.999998569
1657055731.013698 -0.002780217 -0.075183138 0.091522925 -0.001179437 -0.000530251 0.001102948 0.999998569
1657055731.046884 -0.006124651 -0.072245851 0.095085621 -0.001183923 -0.000550615 0.001116045 0.999998510
1657055731.080145 -0.004378119 -0.076044858 0.087661065 -0.001198590 -0.000559257 0.001116906 0.999998510
1657055731.113780 -0.010370500 -0.076557197 0.090124607 -0.001217432 -0.000569536 0.001133396 0.999998450
1657055731.146445 -0.013829996 -0.077030465 0.100236595 -0.001221006 -0.000579765 0.001140925 0.999998450
1657055731.180293 -0.016397610 -0.076532394 0.098435096 -0.001214830 -0.000585337 0.001119979 0.999998450
1657055731.213412 -0.010253577 -0.077888899 0.088960528 -0.001239003 -0.000593678 0.001148049 0.999998391
1657055731.246915 -0.011977775 -0.078475893 0.092014059 -0.001279625 -0.000605528 0.001194998 0.999998271
1657055731.280375 -0.011022546 -0.079263285 0.087173685 -0.001290243 -0.000606406 0.001204367 0.999998271
1657055731.313558 -0.013682006 -0.077845521 0.091789916 -0.001298446 -0.000616859 0.001197262 0.999998271
1657055731.346217 -0.012643503 -0.080994077 0.090226136 -0.001330031 -0.000626220 0.001215621 0.999998152
1657055731.379912 -0.014854595 -0.081533432 0.093276933 -0.001321989 -0.000632267 0.001188971 0.999998212
1657055731.413676 -0.022908906 -0.079813898 0.107059158 -0.001340394 -0.000641407 0.001197907 0.999998152
1657055731.446452 -0.017872499 -0.085749216 0.100575335 -0.001367449 -0.000646693 0.001215939 0.999998093
1657055731.479861 -0.019053506 -0.086546160 0.099446341 -0.001374396 -0.000636559 0.001215597 0.999998093
1657055731.513274 -0.018041654 -0.085151367 0.098571472 -0.001383443 -0.000643663 0.001252847 0.999998033
1657055731.546792 -0.020685583 -0.087609157 0.091540165 -0.001387608 -0.000656360 0.001263007 0.999998033
1657055731.579134 -0.021704774 -0.082410857 0.092828378 -0.001378655 -0.000660181 0.001231826 0.999998093
1657055731.613144 -0.025008824 -0.082419358 0.081286021 -0.001389605 -0.000652547 0.001204018 0.999998093
1657055731.645799 -0.021551838 -0.093736239 0.055049494 -0.001403274 -0.000640371 0.001212316 0.999998093
1657055731.679897 -0.017095950 -0.100229666 0.041040968 -0.001410222 -0.000646217 0.001208706 0.999998033
1657055731.712828 -0.023621794 -0.094072610 0.048962716 -0.001389781 -0.000630093 0.001146370 0.999998152
1657055731.746413 -0.030458258 -0.087421119 0.065576471 -0.001383752 -0.000621035 0.001195470 0.999998152
1657055731.779605 -0.030679848 -0.088223904 0.057801001 -0.001386488 -0.000611803 0.001200122 0.999998152
1657055731.813100 -0.023178333 -0.096096128 0.060897332 -0.001379811 -0.000605768 0.001146498 0.999998212
1657055731.846401 -0.023820676 -0.091858342 0.075039506 -0.001340913 -0.000598075 0.001101554 0.999998331
1657055731.879168 -0.025844712 -0.093404613 0.076380484 -0.001301316 -0.000567094 0.001049113 0.999998450
1657055731.913033 -0.034325268 -0.098054148 0.073194817 -0.001291926 -0.000547387 0.001089005 0.999998391
1657055731.945482 -0.024992136 -0.095370300 0.074802890 -0.001274990 -0.000522861 0.001052647 0.999998510
1657055731.979409 -0.019452345 -0.094946839 0.074387409 -0.001254712 -0.000505027 0.000982926 0.999998629
1657055732.012526 -0.016556833 -0.091937669 0.073012523 -0.001232193 -0.000481947 0.000954729 0.999998689
1657055732.045316 -0.016451415 -0.089035794 0.068518713 -0.001185444 -0.000449088 0.000886849 0.999998808
1657055732.079116 -0.003794430 -0.089405425 0.050679281 -0.001165918 -0.000415810 0.000853481 0.999998868
1657055732.112576 -0.001458016 -0.089895375 0.060571745 -0.001142197 -0.000391593 0.000819214 0.999998927
1657055732.145793 0.002041627 -0.084787473 0.063870139 -0.001106919 -0.000376250 0.000802535 0.999998987
1657055732.178685 0.009571479 -0.081085406 0.063201323 -0.001097625 -0.000363094 0.000745021 0.999999046
1657055732.212655 0.008657163 -0.084996417 0.066801548 -0.001086060 -0.000340898 0.000699391 0.999999106
1657055732.245772 0.003401994 -0.086645342 0.063695975 -0.001083422 -0.000318690 0.000686116 0.999999106
1657055732.279032 0.010166919 -0.088110164 0.044991657 -0.001050917 -0.000291998 0.000603963 0.999999225
1657055732.312214 -0.001162244 -0.083178766 0.096876405 -0.001042138 -0.000263229 0.000591843 0.999999225
1657055732.345647 0.000988282 -0.086059041 0.096162386 -0.001022472 -0.000251292 0.000573815 0.999999285
1657055732.378475 -0.003209952 -0.094818301 0.103657164 -0.001031313 -0.000241683 0.000569157 0.999999285
1657055732.412762 0.001351648 -0.092380911 0.107484661 -0.001006237 -0.000236642 0.000543796 0.999999285
1657055732.445192 -0.003293326 -0.100197613 0.147461727 -0.000995230 -0.000247699 0.000511170 0.999999344
1657055732.479177 -0.021011796 -0.106454015 0.200383008 -0.000978376 -0.000245975 0.000504287 0.999999344
1657055732.512048 -0.009911086 -0.104753882 0.183423445 -0.000962210 -0.000239877 0.000475878 0.999999404
1657055732.545942 -0.008464608 -0.109840378 0.190375626 -0.000962670 -0.000246838 0.000513764 0.999999344
1657055732.579590 0.010233501 -0.108162396 0.149888873 -0.000976692 -0.000254598 0.000581196 0.999999344
1657055732.612324 -0.003099953 -0.106381916 0.164194375 -0.000960358 -0.000246019 0.000583266 0.999999344
1657055732.645399 -0.000612851 -0.100141943 0.169427723 -0.000951873 -0.000248628 0.000554312 0.999999344
1657055732.678540 -0.001474518 -0.111831553 0.176607698 -0.000944498 -0.000248114 0.000541423 0.999999344
1657055732.712260 -0.004329265 -0.117252529 0.187362820 -0.000918993 -0.000245947 0.000470303 0.999999464
1657055732.745666 -0.012622298 -0.109701507 0.217277080 -0.000874091 -0.000249311 0.000399475 0.999999523
1657055732.778847 -0.015478865 -0.115973175 0.225173324 -0.000884289 -0.000259291 0.000373177 0.999999523
1657055732.811882 -0.018838530 -0.110442154 0.225476623 -0.000884401 -0.000253470 0.000403060 0.999999464
1657055732.845158 -0.028865436 -0.105395265 0.251605123 -0.000878732 -0.000259644 0.000421480 0.999999464
1657055732.878373 -0.032120015 -0.108269155 0.256103784 -0.000876012 -0.000261369 0.000422564 0.999999464
1657055732.911747 -0.039601285 -0.117482938 0.253549486 -0.000892248 -0.000256443 0.000448998 0.999999464
1657055732.945097 -0.037218448 -0.128736883 0.256883591 -0.000885311 -0.000262202 0.000418380 0.999999464
1657055732.978665 -0.034959015 -0.129351780 0.251746595 -0.000887911 -0.000266823 0.000392980 0.999999464
1657055733.011424 -0.035399854 -0.123589993 0.262600452 -0.000898302 -0.000267594 0.000396300 0.999999464
1657055733.044759 -0.034713939 -0.116449215 0.266606808 -0.000905430 -0.000269131 0.000425535 0.999999464
1657055733.078733 -0.046536662 -0.119759247 0.269768149 -0.000920383 -0.000258574 0.000433198 0.999999464
1657055733.111954 -0.050065916 -0.121004283 0.283099532 -0.000923193 -0.000270653 0.000423920 0.999999464
1657055733.145864 -0.038250007 -0.126716539 0.271265566 -0.000913043 -0.000268024 0.000388934 0.999999464
1657055733.178762 -0.027964074 -0.125287667 0.280691803 -0.000911674 -0.000285840 0.000379591 0.999999464
1657055733.211947 -0.027041500 -0.124432988 0.294604838 -0.000930303 -0.000286381 0.000405907 0.999999464
1657055733.244336 -0.028895468 -0.121829756 0.294389457 -0.000933390 -0.000283937 0.000408193 0.999999464
1657055733.278593 -0.036108546 -0.122041404 0.309198320 -0.000926625 -0.000288342 0.000416125 0.999999404
1657055733.311962 -0.040176880 -0.114322782 0.307802498 -0.000932912 -0.000281328 0.000446940 0.999999404
1657055733.344887 -0.034251619 -0.110896170 0.305998504 -0.000928699 -0.000292169 0.000449013 0.999999404
1657055733.378507 -0.032614909 -0.112188429 0.310580552 -0.000953362 -0.000296441 0.000494016 0.999999404
1657055733.412026 -0.034826115 -0.104533248 0.312867254 -0.000969801 -0.000292626 0.000539474 0.999999344
1657055733.444591 -0.040444896 -0.107472338 0.311213136 -0.000973859 -0.000290819 0.000574450 0.999999285
1657055733.477622 -0.044962633 -0.107290342 0.312369764 -0.000983283 -0.000299061 0.000590323 0.999999285
1657055733.511765 -0.040117692 -0.101644143 0.320919633 -0.000998931 -0.000316244 0.000631716 0.999999225
1657055733.544568 -0.040786982 -0.097063258 0.317502767 -0.001007765 -0.000321787 0.000641587 0.999999225
1657055733.577785 -0.036938574 -0.089520693 0.313128233 -0.001020927 -0.000332531 0.000670204 0.999999166
1657055733.611223 -0.028471822 -0.096940070 0.293030381 -0.001052985 -0.000344839 0.000707417 0.999999106
1657055733.645699 -0.018379394 -0.104313485 0.283866704 -0.001047794 -0.000353441 0.000697693 0.999999166
1657055733.677431 -0.015670607 -0.102899417 0.286097467 -0.001061405 -0.000376591 0.000694110 0.999999106
1657055733.711154 -0.015562778 -0.098919086 0.284243822 -0.001045338 -0.000389148 0.000698271 0.999999106
1657055733.744185 -0.009981911 -0.104733989 0.270201176 -0.001068249 -0.000391095 0.000705214 0.999999106
1657055733.777513 -0.008146431 -0.108469740 0.264781177 -0.001089265 -0.000399769 0.000725391 0.999999046
1657055733.810309 -0.001088157 -0.109234124 0.242154464 -0.001104686 -0.000412288 0.000732045 0.999999046
1657055733.844171 -0.001373717 -0.109498240 0.242258981 -0.001115037 -0.000407189 0.000746936 0.999999046
1657055733.877444 0.001352021 -0.113002911 0.248406723 -0.001114629 -0.000426641 0.000763947 0.999998987
1657055733.910797 0.004114922 -0.112467811 0.251748681 -0.001115905 -0.000437424 0.000756728 0.999998987
1657055733.944439 0.018494198 -0.109897040 0.238376901 -0.001108948 -0.000450183 0.000771557 0.999998987
1657055733.976815 0.018197870 -0.110677093 0.224655405 -0.001118406 -0.000449925 0.000776901 0.999998987
1657055734.010956 0.013592544 -0.112376504 0.216287851 -0.001118276 -0.000448197 0.000763195 0.999998987
1657055734.044281 0.019687915 -0.106783830 0.218386799 -0.001132622 -0.000461356 0.000804389 0.999998927
1657055734.077266 0.019514708 -0.107197717 0.217841640 -0.001135451 -0.000464745 0.000786977 0.999998927
1657055734.110667 0.013769753 -0.109197579 0.221223667 -0.001136687 -0.000461223 0.000774330 0.999998927
1657055734.143564 0.013020233 -0.112224832 0.223215193 -0.001142708 -0.000468060 0.000778723 0.999998927
1657055734.177168 0.017936563 -0.111998819 0.215333819 -0.001147786 -0.000473226 0.000775232 0.999998927
1657055734.211622 0.019603044 -0.111908406 0.214364991 -0.001154484 -0.000474916 0.000782509 0.999998927
1657055734.243964 0.021059154 -0.108823061 0.212855265 -0.001152885 -0.000469786 0.000783767 0.999998927
1657055734.277322 0.023744870 -0.110273510 0.210632786 -0.001156007 -0.000470039 0.000787013 0.999998927
