1305031102.211214 -0.002832287 0.007649282 0.011190257 -0.002164000 -0.002842604 -0.002222551 0.999991119
1305031102.275326 -0.004854992 0.006727672 0.035984874 -0.014147555 -0.008273696 -0.001677448 0.999864280
1305031102.311267 -0.003839004 0.003845516 0.050426204 -0.019587932 -0.010776683 -0.000711504 0.999749780
1305031102.343233 -0.004522914 0.004622329 0.061817996 -0.021660283 -0.012538070 0.001144544 0.999686122
1305031102.375329 -0.004460200 0.005376582 0.074129879 -0.023793351 -0.014643702 0.001098347 0.999609053
1305031102.411258 -0.008915385 0.009613910 0.083904415 -0.024772249 -0.016118208 -0.000160205 0.999563158
1305031102.443271 -0.009998320 0.012926690 0.093051046 -0.030044347 -0.019163266 -0.000591048 0.999364674
1305031102.475318 -0.008089907 0.012636212 0.108114019 -0.037548915 -0.021913851 -0.001000139 0.999053955
1305031102.511219 -0.006846312 0.011898040 0.121793583 -0.043138795 -0.021456674 -0.002254913 0.998836100
1305031102.575286 -0.006024406 0.006811649 0.150377557 -0.051188204 -0.019095961 -0.005612154 0.998490691
1305031102.611233 -0.008142386 0.004892541 0.162354827 -0.048838709 -0.015611670 -0.004706135 0.998673558
1305031102.675285 -0.013963660 0.015234842 0.183295771 -0.046683479 -0.014629180 -0.003068494 0.998797894
1305031102.711263 -0.013827140 0.014631372 0.196994975 -0.048015393 -0.015147802 -0.001654135 0.998730361
1305031102.743234 -0.012650186 0.021301324 0.208223760 -0.047970742 -0.015926285 0.000142646 0.998721778
1305031102.775472 -0.009518963 0.021910740 0.223622233 -0.050644938 -0.015068300 -0.001155390 0.998602390
1305031102.811232 -0.011622553 0.025618181 0.235329345 -0.051441748 -0.011184543 -0.002207123 0.998610914
1305031102.843290 -0.011116300 0.025559397 0.249191642 -0.053882506 -0.007823030 -0.003195873 0.998511553
1305031102.875363 -0.015176993 0.028757801 0.260777205 -0.052749269 -0.003639804 -0.006020084 0.998583019
1305031102.911185 -0.016227564 0.032110147 0.272134751 -0.052069094 -0.001983357 -0.007298684 0.998614848
1305031102.975203 -0.030755362 0.039353840 0.293373704 -0.051386733 -0.004122813 -0.010093481 0.998619318
1305031103.011215 -0.029595131 0.042286519 0.304594308 -0.052607879 -0.011166322 -0.007110952 0.998527467
1305031103.043227 -0.029925564 0.044955514 0.315341473 -0.054578580 -0.017248521 -0.004467185 0.998350501
1305031103.075319 -0.024332093 0.044912655 0.328183621 -0.055162150 -0.022367459 -0.001667912 0.998225451
1305031103.111240 -0.026192501 0.053133007 0.335211545 -0.052036479 -0.021214359 -0.000945976 0.998419404
1305031103.143318 -0.025216410 0.054306760 0.345267057 -0.054455213 -0.021722723 0.000620252 0.998279691
1305031103.175452 -0.026035905 0.061219525 0.352776319 -0.053566620 -0.019939106 0.000786751 0.998364866
1305031103.243216 -0.026993455 0.069618903 0.367903113 -0.064869285 -0.019593334 0.005057046 0.997688591
1305031103.275370 -0.033004999 0.070115119 0.373711884 -0.074670479 -0.020361394 0.008290167 0.996965885
1305031103.311210 -0.030423757 0.064545549 0.382040918 -0.083491534 -0.031261411 0.009806316 0.995969713
1305031103.343223 -0.023573384 0.067188859 0.385293305 -0.083369702 -0.037896357 0.010178215 0.995745838
1305031103.375327 -0.022192298 0.065786451 0.386174083 -0.087435871 -0.036713988 0.012008024 0.995420933
1305031103.411260 -0.023913905 0.060805459 0.384960562 -0.090293273 -0.035471346 0.012986630 0.995198607
1305031103.443280 -0.025362145 0.059492465 0.380711436 -0.089773290 -0.037421688 0.012277446 0.995183229
1305031103.475274 -0.024600621 0.055238545 0.376646042 -0.090090178 -0.040466949 0.010488331 0.995055854
1305031103.511333 -0.024126217 0.050070994 0.370705366 -0.088279814 -0.042199001 0.008135194 0.995168209
1305031103.543444 -0.024529558 0.044549827 0.363491237 -0.084772743 -0.043210473 0.006058599 0.995444477
1305031103.575474 -0.026833588 0.041558601 0.352218390 -0.080345251 -0.043533016 0.006422297 0.995795310
1305031103.611223 -0.028043637 0.036272224 0.342554986 -0.078697674 -0.046227861 0.007951195 0.995794356
1305031103.643445 -0.027080461 0.031826485 0.332069069 -0.076071501 -0.050603893 0.008622102 0.995780110
1305031103.675523 -0.024591442 0.027776113 0.320895046 -0.073426254 -0.053785395 0.008772341 0.995810628
1305031103.711610 -0.022916017 0.024195833 0.309032172 -0.070843279 -0.054871947 0.008520042 0.995940626
1305031103.743326 -0.021299876 0.017541863 0.297578782 -0.069092989 -0.054887451 0.007483754 0.996071041
1305031103.775342 -0.020366846 0.016506912 0.282377988 -0.064842917 -0.054429971 0.004257763 0.996400833
1305031103.811242 -0.019230518 0.015331050 0.268585473 -0.064507253 -0.053474180 0.001044930 0.996482909
1305031103.843251 -0.022350181 0.015850995 0.253401488 -0.066525653 -0.052091062 -0.001661023 0.996422648
1305031103.875361 -0.021522773 0.004665525 0.245241284 -0.074955106 -0.055903025 -0.003756944 0.995611608
1305031103.911221 -0.020066496 -0.002890943 0.232344732 -0.074847370 -0.060158424 -0.004999452 0.995366216
1305031103.943211 -0.018738903 -0.005762215 0.217313021 -0.072546512 -0.062897801 -0.005814792 0.995362759
1305031103.975373 -0.016374376 -0.012367034 0.204575568 -0.071510859 -0.065168016 -0.006923432 0.995284557
1305031104.011232 -0.010477847 -0.018897586 0.193925276 -0.068023652 -0.066952862 -0.007618916 0.995405495
1305031104.043249 -0.006784642 -0.020650150 0.177867442 -0.060130399 -0.064347297 -0.009808146 0.996066034
1305031104.075425 -0.004940082 -0.020777561 0.163385898 -0.055716794 -0.059711672 -0.012124609 0.996585727
1305031104.111235 -0.001808293 -0.027226361 0.152608469 -0.053492121 -0.054473940 -0.013467696 0.996990383
1305031104.143230 -0.001860190 -0.032416329 0.138674945 -0.049071476 -0.048666239 -0.014776672 0.997499466
1305031104.175424 -0.002343986 -0.034248058 0.124669142 -0.044470042 -0.045190658 -0.015745653 0.997863889
1305031104.211283 -0.001622113 -0.039132472 0.112460203 -0.040825814 -0.042657774 -0.015724497 0.998131394
1305031104.243196 -0.000671420 -0.041589484 0.099585623 -0.036105271 -0.040539656 -0.015792614 0.998400509
1305031104.275546 0.000575219 -0.043683030 0.087033592 -0.031596974 -0.038148895 -0.016722335 0.998632371
1305031104.311219 0.001155358 -0.045625810 0.075003535 -0.027828109 -0.034744501 -0.016924247 0.998865366
1305031104.343342 0.003040495 -0.045862298 0.063094839 -0.024278296 -0.030907342 -0.017416229 0.999075532
1305031104.375837 0.002541271 -0.046936434 0.051804792 -0.022289744 -0.025756789 -0.017347217 0.999269128
1305031104.411509 -0.000478721 -0.047611021 0.041121509 -0.020709043 -0.021037661 -0.016895255 0.999421358
1305031104.443288 -0.004490089 -0.046773158 0.030083915 -0.019644445 -0.018710144 -0.016621929 0.999493718
1305031104.475456 -0.008377872 -0.047941249 0.020308265 -0.019911082 -0.019235168 -0.015889112 0.999490440
1305031104.511329 -0.008602641 -0.052051030 0.012468873 -0.019788962 -0.022009557 -0.014343166 0.999458969
1305031104.543368 -0.005909516 -0.054607321 0.003628653 -0.016770609 -0.024807220 -0.013543308 0.999459803
1305031104.575343 -0.000191900 -0.058971018 -0.002746106 -0.012967953 -0.026041871 -0.012781614 0.999495029
1305031104.611336 0.007663260 -0.067849100 -0.008803082 -0.005021454 -0.023208613 -0.011000896 0.999657512
1305031104.643243 0.010352205 -0.064638659 -0.020008340 0.008492632 -0.015919441 -0.010928852 0.999777496
1305031104.675525 0.012708314 -0.069478273 -0.029222988 0.018979631 -0.008372726 -0.009672661 0.999738038
1305031104.711277 0.012745291 -0.071380369 -0.040213484 0.032566715 -0.000726665 -0.007669563 0.999439895
1305031104.743280 0.015249527 -0.069923788 -0.051464714 0.046318389 0.006050631 -0.005870573 0.998891175
1305031104.775327 0.015587865 -0.068580180 -0.060893159 0.058752097 0.013275905 -0.004115195 0.998175859
1305031104.811465 0.018432306 -0.064278796 -0.068694293 0.070434138 0.019448230 -0.001448325 0.997325778
1305031104.843258 0.017605513 -0.061864391 -0.075420685 0.078971013 0.026436949 0.000885283 0.996525884
1305031104.875350 0.013234619 -0.056957223 -0.081587516 0.085041456 0.030485300 0.002951590 0.995906591
1305031104.911534 0.014875151 -0.053067379 -0.082784481 0.087736517 0.031075660 0.005371645 0.995644391
1305031104.943262 0.014846326 -0.051051237 -0.082160495 0.088747390 0.031956956 0.006110347 0.995522618
1305031104.975202 0.012672457 -0.043651335 -0.078575544 0.088962883 0.031704612 0.006697731 0.995507717
1305031105.011290 0.013771019 -0.040911768 -0.073107041 0.084280148 0.030974830 0.007289327 0.995933890
1305031105.043373 0.012068519 -0.038776845 -0.064229839 0.078511149 0.030800443 0.006005691 0.996419191
1305031105.075320 0.011940191 -0.037943751 -0.052979644 0.071323030 0.029814038 0.004248737 0.996998549
1305031105.111299 0.009265176 -0.041023798 -0.041553907 0.064530984 0.029228911 0.002905049 0.997483313
1305031105.143106 0.003095591 -0.031141998 -0.028584506 0.059931260 0.027649088 0.000292537 0.997819483
1305031105.175159 0.001204391 -0.027349561 -0.012784976 0.047154419 0.024327826 -0.003367650 0.998585641
1305031105.211268 -0.000856404 -0.037177507 0.003046907 0.032403622 0.020123823 -0.004417741 0.999262512
1305031105.243270 -0.004496630 -0.034993432 0.017392520 0.023982059 0.014823668 -0.006361007 0.999582231
1305031105.275288 -0.008027950 -0.034400381 0.032132495 0.012873784 0.008622365 -0.007945359 0.999848366
1305031105.311290 -0.008421399 -0.037235815 0.049731642 0.001387857 0.000540982 -0.008182948 0.999965429
1305031105.343302 -0.008482496 -0.041925758 0.065364510 -0.008409590 -0.006570865 -0.007994459 0.999911070
1305031105.375338 -0.009584107 -0.043178011 0.080997773 -0.012681894 -0.011918041 -0.007574352 0.999819875
1305031105.411286 -0.011649103 -0.037384383 0.093300305 -0.017435471 -0.016509883 -0.009125431 0.999670029
1305031105.443316 -0.011672514 -0.041734967 0.110141084 -0.025794873 -0.021063689 -0.009196967 0.999403000
1305031105.475280 -0.012608583 -0.041662153 0.123811707 -0.029899206 -0.024454884 -0.009095909 0.999212325
1305031105.511332 -0.012296655 -0.038711499 0.138059363 -0.034315757 -0.027368363 -0.009120486 0.998994589
1305031105.543282 -0.012514606 -0.040549360 0.153965563 -0.039438102 -0.028333878 -0.008110368 0.998787284
1305031105.575449 -0.015623485 -0.039180592 0.166960835 -0.042491805 -0.028712599 -0.008359658 0.998649180
1305031105.611378 -0.013488226 -0.041390646 0.183820873 -0.046401042 -0.030568285 -0.007175580 0.998429298
1305031105.643273 -0.016275698 -0.039613381 0.197125748 -0.047038153 -0.030201836 -0.004584932 0.998425901
1305031105.711309 -0.008502656 -0.040563207 0.229230925 -0.049969960 -0.031413913 -0.003110825 0.998251736
1305031105.743312 -0.009688510 -0.034689505 0.241153583 -0.047517762 -0.026797201 -0.003108785 0.998506069
1305031105.775339 -0.007058791 -0.035404731 0.257490307 -0.049067583 -0.022831058 -0.003206647 0.998529315
1305031105.811283 -0.008575391 -0.032623038 0.271921515 -0.047359448 -0.017147887 -0.002514079 0.998727560
1305031105.843271 -0.006819925 -0.030711001 0.285985500 -0.046249527 -0.013752439 -0.001651788 0.998833895
1305031105.875337 -0.007216927 -0.024274394 0.297512978 -0.045043170 -0.007881051 0.000172875 0.998953938
1305031105.911262 -0.007388423 -0.021633005 0.311183304 -0.048388734 -0.003469266 0.004620654 0.998811841
1305031105.943272 -0.008371230 -0.016093645 0.323436469 -0.050530087 0.000613635 0.006907876 0.998698473
1305031105.975329 -0.008575995 -0.012052635 0.336164087 -0.055193461 0.002897037 0.008434785 0.998435855
1305031106.011285 -0.007576414 -0.008131206 0.348597318 -0.059732713 0.004942859 0.009970084 0.998152375
1305031106.043355 -0.009351590 -0.004505239 0.360900700 -0.064582221 0.007692941 0.010767888 0.997824669
1305031106.075330 -0.010923414 -0.000070011 0.372156322 -0.068481877 0.008959225 0.012400470 0.997535050
1305031106.111327 -0.012901576 0.006552528 0.382574707 -0.073036931 0.009463790 0.013039721 0.997199059
1305031106.143355 -0.014607979 0.008733385 0.394489527 -0.080405444 0.008107595 0.015101512 0.996614873
1305031106.175534 -0.015228340 0.010901169 0.404561907 -0.084749103 0.006348175 0.016121441 0.996251643
1305031106.211275 -0.016152944 0.010895545 0.414835334 -0.088912770 0.004838296 0.016803766 0.995885909
1305031106.243267 -0.017238852 0.014345947 0.422176689 -0.088691927 0.003487184 0.020375937 0.995844543
1305031106.276385 -0.017911164 0.020777015 0.428092480 -0.088759206 0.001700743 0.021413734 0.995821476
1305031106.311238 -0.018341450 0.024462089 0.433326900 -0.092263602 0.000602449 0.024553547 0.995431662
1305031106.343258 -0.018966027 0.030230397 0.436196417 -0.097131938 -0.000747468 0.024483928 0.994970024
1305031106.375388 -0.015478503 0.030399764 0.439137161 -0.106840022 -0.002191872 0.017492134 0.994119942
1305031106.411320 -0.014803688 0.024261421 0.442041308 -0.114965446 0.002884075 0.011902583 0.993294001
1305031106.443278 -0.019077735 0.020156257 0.439888865 -0.116668753 0.007966033 0.007291711 0.993112147
1305031106.475345 -0.022527654 0.017526796 0.435930967 -0.116521642 0.008288402 0.005536117 0.993138134
1305031106.511129 -0.024586959 0.012093460 0.430599481 -0.115964986 0.005383307 0.005225777 0.993224978
1305031106.543302 -0.023742197 0.009482687 0.421673238 -0.112280346 0.000834004 0.003824391 0.993668854
1305031106.575282 -0.023249354 0.006881958 0.411392063 -0.108954206 -0.001350484 0.002863605 0.994041741
1305031106.611151 -0.024532262 0.005598209 0.400338203 -0.108160868 -0.004249614 0.000051114 0.994124293
1305031106.643207 -0.024584100 -0.002208696 0.390466034 -0.109598994 -0.006987597 -0.001786245 0.993949711
1305031106.675279 -0.026739188 -0.003134279 0.376525223 -0.106216967 -0.009547409 -0.001961442 0.994295180
1305031106.711508 -0.027919954 -0.008620845 0.365513653 -0.108836479 -0.015371499 -0.002141973 0.993938506
1305031106.743341 -0.028722333 -0.012791191 0.350752801 -0.107185766 -0.021701120 -0.001934252 0.994000256
1305031106.775390 -0.025705021 -0.016512204 0.336410046 -0.106180303 -0.028942186 -0.001727103 0.993924081
1305031106.811289 -0.026160739 -0.016865794 0.320159882 -0.105100453 -0.032444388 -0.002380001 0.993929386
1305031106.843416 -0.027328366 -0.027497057 0.308187127 -0.107939534 -0.035911124 -0.003575500 0.993502200
1305031106.875905 -0.023214882 -0.032178495 0.292742789 -0.101994492 -0.039858583 -0.007094611 0.993960798
1305031106.911243 -0.020494889 -0.032880023 0.274202138 -0.097715616 -0.040435825 -0.011221644 0.994329274
1305031106.943439 -0.019228123 -0.042389374 0.261398762 -0.097998783 -0.040113382 -0.015338483 0.994259477
1305031106.975547 -0.019812070 -0.049749926 0.246161699 -0.092551544 -0.037574690 -0.018604903 0.994824708
1305031107.011576 -0.022320084 -0.045900349 0.222495392 -0.083182663 -0.033315815 -0.022990696 0.995711863
1305031107.043281 -0.022644956 -0.052729771 0.209957063 -0.084439002 -0.030881876 -0.024923077 0.995638072
1305031107.075432 -0.026302423 -0.060856748 0.193793133 -0.080749042 -0.028891943 -0.025909383 0.995978713
1305031107.111229 -0.025519682 -0.060519118 0.176560774 -0.074774064 -0.029747408 -0.026481053 0.996404886
1305031107.143260 -0.023730503 -0.060722165 0.160956472 -0.072291337 -0.028883560 -0.026616560 0.996609867
1305031107.175399 -0.021632826 -0.070074745 0.151014432 -0.072095692 -0.028036868 -0.027248839 0.996631145
1305031107.211358 -0.018718865 -0.076604508 0.138501957 -0.066524766 -0.026581692 -0.028846940 0.997013390
1305031107.243378 -0.018355088 -0.076295495 0.123576395 -0.059274636 -0.023033336 -0.029333135 0.997544765
1305031107.275398 -0.015333394 -0.081558079 0.113000333 -0.054424502 -0.020399448 -0.029248323 0.997880936
1305031107.311226 -0.012782315 -0.088029623 0.103383228 -0.048160337 -0.017430320 -0.029912436 0.998239458
1305031107.343509 -0.008358220 -0.094551109 0.092684396 -0.038428724 -0.014819070 -0.029942842 0.998702705
1305031107.375413 -0.007156009 -0.087067313 0.079661153 -0.026137710 -0.009407160 -0.030124223 0.999160051
1305031107.411271 -0.005269567 -0.088163994 0.071930543 -0.019584503 -0.004716345 -0.030981973 0.999316931
1305031107.443419 -0.001731812 -0.086003095 0.065000355 -0.013543046 -0.000612405 -0.030535009 0.999441743
1305031107.475377 0.001435568 -0.087232426 0.061416890 -0.010678142 0.003642739 -0.029529536 0.999500215
1305031107.511352 0.003285050 -0.082391620 0.056567263 -0.008017000 0.007275800 -0.029225018 0.999514222
1305031107.543605 0.006018420 -0.082866490 0.057340290 -0.010671060 0.009808225 -0.027377293 0.999520063
1305031107.575454 0.008929533 -0.087878838 0.058423243 -0.012040701 0.011638113 -0.024394343 0.999562144
1305031107.611271 0.011498728 -0.080447227 0.056755543 -0.009913526 0.012859925 -0.022657687 0.999611378
1305031107.643323 0.011625797 -0.080172740 0.059205581 -0.013564804 0.014626041 -0.021631734 0.999566972
1305031107.675568 0.011242268 -0.079895198 0.061574791 -0.014921941 0.015315884 -0.021107050 0.999548554
1305031107.711307 0.010111677 -0.076279737 0.062945947 -0.015821286 0.015364017 -0.020152573 0.999553680
1305031107.743538 0.007864805 -0.071847945 0.064659178 -0.018456807 0.014544138 -0.019426649 0.999535084
1305031107.775802 0.007934514 -0.073748626 0.067831121 -0.022171563 0.011695623 -0.020455899 0.999476492
1305031107.811596 0.009885752 -0.070969447 0.069804065 -0.023958329 0.009401076 -0.020225694 0.999464095
1305031107.843332 0.013387917 -0.070370272 0.072025761 -0.026752263 0.008178282 -0.020539450 0.999397576
1305031107.875358 0.018515380 -0.073368885 0.076460734 -0.028227225 0.008272608 -0.023916893 0.999281108
1305031107.911541 0.020803403 -0.073297687 0.078721777 -0.027282968 0.011521555 -0.026411688 0.999212325
1305031107.943122 0.026405293 -0.074793376 0.081383474 -0.025767215 0.014637900 -0.026784284 0.999201894
1305031107.975807 0.033918101 -0.075280063 0.084437445 -0.023239192 0.018593224 -0.026548781 0.999204397
1305031108.011320 0.043549817 -0.074294768 0.086892352 -0.019074326 0.022731094 -0.028649252 0.999148965
1305031108.043418 0.053974804 -0.070575975 0.090073802 -0.015698155 0.029675832 -0.026957214 0.999072671
1305031108.075352 0.064895414 -0.072542861 0.093517117 -0.014957872 0.038995571 -0.021759143 0.998890460
1305031108.111378 0.070983559 -0.073804520 0.096496202 -0.012492647 0.045973703 -0.021872990 0.998625040
1305031108.143334 0.081242457 -0.070666604 0.098181792 -0.009667036 0.049969554 -0.021218659 0.998478532
1305031108.176058 0.089288153 -0.066966571 0.097779103 -0.010880598 0.054599013 -0.018135998 0.998284340
1305031108.211475 0.101677485 -0.068500713 0.103514753 -0.016234206 0.055984508 -0.018816536 0.998122275
1305031108.243347 0.118904449 -0.074394830 0.110514559 -0.018523371 0.057910576 -0.020675268 0.997935772
1305031108.275358 0.125119776 -0.069504432 0.109650746 -0.017205615 0.064256549 -0.020821914 0.997567773
1305031108.311332 0.131442383 -0.065545045 0.111974932 -0.020408882 0.066907860 -0.019790148 0.997354090
1305031108.343278 0.140006229 -0.063037865 0.116126582 -0.025771959 0.066258714 -0.017769493 0.997311294
1305031108.375410 0.147162631 -0.063070148 0.119667761 -0.031688657 0.064751595 -0.012549079 0.997319221
1305031108.411361 0.159847662 -0.063807815 0.124364994 -0.037177622 0.061058994 -0.005813829 0.997424603
1305031108.443610 0.172054395 -0.062222734 0.127450496 -0.041309699 0.060159575 0.000859784 0.997333229
1305031108.475471 0.185715228 -0.064992927 0.132461384 -0.044954710 0.059711512 0.008272682 0.997168601
1305031108.511378 0.205638021 -0.067731567 0.138272673 -0.044955958 0.061265931 0.012792535 0.997026503
1305031108.543737 0.217484340 -0.067271940 0.141285777 -0.040013712 0.069035515 0.011912529 0.996740222
1305031108.575414 0.223749921 -0.063370496 0.135412082 -0.035773411 0.075730778 0.010081334 0.996435404
1305031108.611407 0.235568032 -0.063502513 0.139731154 -0.036389597 0.082310490 0.010715560 0.995884478
1305031108.643303 0.241413370 -0.061178107 0.138878092 -0.035848185 0.090107806 0.012102984 0.995213032
1305031108.675375 0.253901422 -0.058512237 0.139958575 -0.038252477 0.095532410 0.015874146 0.994564414
1305031108.711411 0.262235016 -0.059367619 0.144385129 -0.042671509 0.104367629 0.019765049 0.993426323
1305031108.743502 0.267754018 -0.061445061 0.147552699 -0.044749130 0.110640503 0.020601070 0.992638826
1305031108.775493 0.274545670 -0.059980664 0.147239000 -0.045449138 0.115023822 0.022998257 0.992055953
1305031108.811244 0.278031230 -0.061943054 0.147984087 -0.047431167 0.118933097 0.028217444 0.991367221
1305031108.843264 0.280376196 -0.063968621 0.147071689 -0.046669986 0.119330078 0.034499917 0.991156936
1305031108.876515 0.281158239 -0.064269833 0.144242957 -0.044476949 0.116685867 0.040626023 0.991340399
1305031108.911364 0.283749849 -0.068256766 0.143133819 -0.042446952 0.112784065 0.046319749 0.991631210
1305031108.943243 0.280842960 -0.069606632 0.139087617 -0.037281524 0.109389007 0.047259182 0.992174745
1305031108.975268 0.277658999 -0.063904360 0.131317571 -0.031768654 0.102576360 0.045521274 0.993175030
1305031109.011269 0.279087335 -0.063512549 0.129735276 -0.032262668 0.097411752 0.044549674 0.993722975
1305031109.043277 0.271663815 -0.064599879 0.127623647 -0.031505432 0.096679710 0.041996066 0.993929982
1305031109.075410 0.263499141 -0.059836987 0.122642510 -0.031825256 0.093606330 0.036599942 0.994427204
1305031109.111282 0.255915672 -0.061761525 0.124081723 -0.036403410 0.092051513 0.033820663 0.994513690
1305031109.143334 0.240333214 -0.065456465 0.124365732 -0.038027689 0.090674840 0.030921185 0.994673729
1305031109.175464 0.229876414 -0.062401377 0.120033801 -0.037615143 0.083663791 0.027891641 0.995393157
1305031109.211379 0.223340556 -0.055770308 0.115810655 -0.041368525 0.077344909 0.031339258 0.995652676
1305031109.243290 0.213213712 -0.058220327 0.117834441 -0.050728884 0.073987536 0.036254693 0.995307982
1305031109.275308 0.196392193 -0.066692628 0.121615402 -0.054662455 0.071098618 0.038946237 0.995208621
1305031109.311329 0.183337405 -0.064045705 0.117004499 -0.051644742 0.061407316 0.039867982 0.995978177
1305031109.343248 0.172235042 -0.062563255 0.111693405 -0.054453142 0.050293643 0.038824517 0.996492863
1305031109.375397 0.162617996 -0.065483309 0.115842663 -0.057938959 0.040573094 0.038431782 0.996754706
1305031109.411329 0.158910915 -0.064144194 0.112465233 -0.058362212 0.029353203 0.034725230 0.997259438
1305031109.443302 0.148713171 -0.063055970 0.111970574 -0.062061377 0.022798853 0.028857023 0.997394562
1305031109.475363 0.139521405 -0.064297505 0.114378929 -0.065126650 0.018475130 0.025292836 0.997385323
1305031109.511273 0.126899302 -0.067284286 0.114922695 -0.065530151 0.015700351 0.021057907 0.997504830
1305031109.543294 0.115935750 -0.067776255 0.112528153 -0.063120350 0.012880410 0.018353112 0.997754037
1305031109.575362 0.103884496 -0.067641579 0.109490313 -0.063079618 0.012070009 0.018168896 0.997770071
1305031109.611310 0.091347195 -0.066397123 0.107977450 -0.062891796 0.009902331 0.015783688 0.997846425
1305031109.643229 0.080344714 -0.064732097 0.106601432 -0.063187212 0.008204603 0.014988088 0.997855425
1305031109.675263 0.065157458 -0.062931299 0.104153290 -0.065280400 0.008357811 0.017145669 0.997684658
1305031109.711312 0.052328188 -0.060131360 0.102448724 -0.067510553 0.004673284 0.016339203 0.997573793
1305031109.743274 0.041961137 -0.060442839 0.104547836 -0.072500542 0.000571776 0.015774446 0.997243464
1305031109.775277 0.032505542 -0.062110834 0.106974229 -0.076182850 -0.002174437 0.016121233 0.996961176
1305031109.811371 0.019450504 -0.060082812 0.106437534 -0.078028709 -0.003586113 0.014849884 0.996834040
1305031109.843296 0.006561058 -0.059343658 0.108280890 -0.081485920 -0.006347442 0.014225739 0.996552765
1305031109.875306 -0.009930316 -0.058286831 0.110377587 -0.085111238 -0.008940407 0.012650062 0.996251047
1305031109.911265 -0.022202447 -0.061086155 0.115764134 -0.087411501 -0.015480937 0.008201513 0.996018231
1305031109.943299 -0.031182935 -0.053603619 0.115515471 -0.087406196 -0.020039953 0.004177148 0.995962381
1305031109.975258 -0.046119723 -0.055250097 0.120295115 -0.092478134 -0.022073310 -0.000837836 0.995469689
1305031110.011256 -0.058120966 -0.054057807 0.122972317 -0.094709374 -0.025229380 -0.007651530 0.995155811
1305031110.043299 -0.069795422 -0.054196130 0.126589149 -0.097607039 -0.026919723 -0.014366353 0.994757175
1305031110.075319 -0.083557740 -0.052088734 0.127706632 -0.099478327 -0.027161593 -0.019314269 0.994481385
1305031110.111325 -0.098526739 -0.052580312 0.131036207 -0.104652934 -0.028443361 -0.023759156 0.993818045
1305031110.143432 -0.112583481 -0.058132939 0.133948803 -0.107569076 -0.031645954 -0.026990686 0.993327200
1305031110.175641 -0.122404322 -0.050485365 0.133085325 -0.107116371 -0.035708956 -0.028023239 0.993209779
1305031110.211637 -0.134543404 -0.054103639 0.137149632 -0.112292647 -0.038806949 -0.029279355 0.992485285
1305031110.243323 -0.144746721 -0.057519976 0.139077172 -0.113778278 -0.043343611 -0.028469380 0.992151856
1305031110.279321 -0.152437612 -0.057693835 0.140210733 -0.112165250 -0.048050359 -0.028706705 0.992111921
1305031110.311404 -0.164959714 -0.056914203 0.139153317 -0.109356143 -0.050919861 -0.030152028 0.992239535
1305031110.343355 -0.174832270 -0.053818446 0.137853742 -0.107584476 -0.056145564 -0.030817550 0.992130816
1305031110.379281 -0.186880201 -0.054223299 0.137482733 -0.106879108 -0.061751440 -0.034140550 0.991765141
1305031110.411469 -0.198668450 -0.048808560 0.132985204 -0.105414405 -0.068007365 -0.036568891 0.991425991
1305031110.443260 -0.208168894 -0.046166714 0.134788513 -0.109511957 -0.074733831 -0.039266344 0.990393937
1305031110.479331 -0.221427605 -0.049412109 0.137458384 -0.113204665 -0.081638426 -0.044774178 0.989199221
1305031110.511429 -0.232760817 -0.048824139 0.137018636 -0.113613799 -0.089296587 -0.048172306 0.988330662
1305031110.543408 -0.241175473 -0.043689098 0.134589255 -0.114002466 -0.096575491 -0.050816949 0.987468600
1305031110.579426 -0.249366686 -0.039611377 0.134461254 -0.117709264 -0.103447974 -0.055363450 0.986092269
1305031110.611307 -0.255056977 -0.044840615 0.140909985 -0.123563506 -0.109113418 -0.058350988 0.984592021
1305031110.643418 -0.263657063 -0.046622895 0.141211674 -0.122409195 -0.111639023 -0.061326258 0.984272242
1305031110.679606 -0.269730836 -0.038370941 0.136833936 -0.119912751 -0.114489637 -0.063218921 0.984132349
1305031110.711412 -0.275663942 -0.039735761 0.140201092 -0.123908788 -0.116806261 -0.064134330 0.983305514
1305031110.743249 -0.281626850 -0.041057806 0.140691787 -0.124672167 -0.118478917 -0.065598018 0.982912242
1305031110.779193 -0.283135653 -0.038350943 0.140023023 -0.123794548 -0.120972820 -0.065901577 0.982699096
1305031110.811386 -0.286122262 -0.037547890 0.139758304 -0.124276169 -0.121345729 -0.067592531 0.982477427
1305031110.843218 -0.290024400 -0.037404008 0.140288770 -0.125754759 -0.122952603 -0.069622628 0.981947601
1305031110.879313 -0.287334114 -0.037460487 0.141034365 -0.125722736 -0.126108855 -0.068968609 0.981597543
1305031110.911333 -0.287394702 -0.036036588 0.140799761 -0.126018688 -0.126978680 -0.069631770 0.981400609
1305031110.943862 -0.281771362 -0.035650406 0.142268449 -0.125772029 -0.130290613 -0.070070513 0.980966806
1305031110.979345 -0.270930946 -0.031831264 0.143404737 -0.124699734 -0.131286994 -0.070089430 0.980969489
1305031111.011431 -0.262471646 -0.031733081 0.147997931 -0.126282811 -0.127288103 -0.069428563 0.981340945
1305031111.043327 -0.258728206 -0.032250632 0.146065950 -0.125543326 -0.120287478 -0.067855068 0.982428372
1305031111.079283 -0.255155623 -0.030239159 0.144668460 -0.127139956 -0.115858212 -0.066412389 0.982853830
1305031111.111508 -0.246252269 -0.035487648 0.148423120 -0.130384743 -0.113720357 -0.063299790 0.982883811
1305031111.143257 -0.238235682 -0.038074035 0.149607211 -0.129272610 -0.110663451 -0.062514991 0.983429730
1305031111.179326 -0.228813797 -0.036337648 0.149520025 -0.126082003 -0.105540961 -0.062825233 0.984386802
1305031111.211433 -0.223050341 -0.036442146 0.147378296 -0.124467008 -0.094790019 -0.060751449 0.985815465
1305031111.243236 -0.218573779 -0.040490486 0.148956835 -0.124898046 -0.090603627 -0.061211240 0.986126065
1305031111.279308 -0.207893535 -0.042546462 0.150444418 -0.120904058 -0.087945253 -0.059614398 0.986961961
1305031111.311547 -0.205159888 -0.038950052 0.141041785 -0.116338484 -0.079762377 -0.057490561 0.988331020
1305031111.343397 -0.199462354 -0.038299210 0.142216846 -0.119929165 -0.081217498 -0.057455894 0.987785161
1305031111.379134 -0.181427836 -0.048401143 0.148527652 -0.122153170 -0.085199632 -0.053264268 0.987412035
1305031111.411296 -0.176172450 -0.044977155 0.144062907 -0.115953833 -0.083863750 -0.053550351 0.988258004
1305031111.443386 -0.157853946 -0.043582447 0.147967845 -0.115552448 -0.091224521 -0.058068603 0.987397492
1305031111.479259 -0.139905021 -0.041351855 0.155102149 -0.110715777 -0.085545525 -0.058579106 0.988429308
1305031111.511264 -0.132992938 -0.042434417 0.152214274 -0.106446095 -0.072435118 -0.059182744 0.989908993
1305031111.543250 -0.124992058 -0.043551676 0.154198796 -0.102332465 -0.063517503 -0.058496337 0.990995347
1305031111.579237 -0.118748061 -0.038056843 0.147097513 -0.096293658 -0.050263252 -0.053782899 0.992627084
1305031111.611271 -0.114284828 -0.040901907 0.145499274 -0.097873323 -0.043638930 -0.048167717 0.993074179
1305031111.643395 -0.098343372 -0.048192948 0.149528816 -0.095927134 -0.044296246 -0.040719885 0.993568182
1305031111.679320 -0.080542713 -0.038309038 0.144153520 -0.087205805 -0.037154153 -0.033479162 0.994934082
1305031111.711760 -0.070687294 -0.038099609 0.145921662 -0.086342253 -0.027191499 -0.032723207 0.995356619
1305031111.743386 -0.057265114 -0.037829924 0.149965152 -0.081020646 -0.013889741 -0.029376976 0.996182561
1305031111.779423 -0.048773386 -0.031103490 0.146765694 -0.074761190 0.006774155 -0.026671926 0.996821702
1305031111.811406 -0.042686120 -0.034932740 0.148498282 -0.072922826 0.022492755 -0.026880184 0.996721506
1305031111.843299 -0.033968430 -0.034582913 0.142156512 -0.068734914 0.033927768 -0.025921123 0.996720850
1305031111.879442 -0.028831180 -0.034647670 0.140034065 -0.069032557 0.043083742 -0.022413602 0.996431589
1305031111.911354 -0.024943160 -0.041071836 0.141102597 -0.069715515 0.045234889 -0.017149188 0.996393204
1305031111.943300 -0.008965522 -0.039362859 0.140177786 -0.066760540 0.040741183 -0.008377695 0.996901691
1305031111.979449 0.016040526 -0.037511177 0.139285088 -0.064776853 0.038822509 -0.000611456 0.997144103
1305031112.011433 0.030541314 -0.037792500 0.141530320 -0.062433153 0.045984905 -0.000976178 0.996988714
1305031112.043270 0.043474406 -0.037457649 0.139492363 -0.058246445 0.054521650 -0.003568644 0.996805906
1305031112.079339 0.056898747 -0.036791567 0.138966963 -0.055439439 0.066503339 -0.004128748 0.996236265
1305031112.111423 0.057448316 -0.034485910 0.135693759 -0.051477686 0.078746580 -0.009692607 0.995517492
1305031112.144342 0.074284896 -0.034010973 0.133100793 -0.050997350 0.082413815 -0.015310480 0.995174766
1305031112.179390 0.090254322 -0.035668820 0.132607296 -0.053622156 0.094443351 -0.018324813 0.993916154
1305031112.211254 0.096581794 -0.044065345 0.139295071 -0.056029681 0.106778391 -0.023433534 0.992426276
1305031112.243369 0.104022190 -0.049182598 0.139770329 -0.051255841 0.118479773 -0.027474411 0.991252005
1305031112.279353 0.105902947 -0.049204137 0.139768228 -0.045630079 0.127952814 -0.031157741 0.990239978
1305031112.311312 0.115442477 -0.053140219 0.140546069 -0.040384822 0.130543172 -0.032961212 0.990071237
1305031112.343323 0.126400694 -0.053059116 0.139818013 -0.033226319 0.131050378 -0.031517636 0.990317345
1305031112.379360 0.136556908 -0.052912783 0.138600454 -0.028623624 0.129689604 -0.027480423 0.990760386
1305031112.411442 0.149464428 -0.052889723 0.137231410 -0.025958892 0.126838356 -0.023618950 0.991302311
1305031112.443391 0.161852449 -0.056722552 0.137734979 -0.024383305 0.125801161 -0.017196188 0.991606712
1305031112.479418 0.168737426 -0.055320457 0.135767654 -0.020068308 0.125338092 -0.008037604 0.991878510
1305031112.511504 0.178526342 -0.056455493 0.135038003 -0.017689262 0.121711001 -0.000147812 0.992407918
1305031112.543212 0.189279139 -0.058146082 0.133648172 -0.015344116 0.117980562 0.003870283 0.992889822
1305031112.579252 0.198751003 -0.057034526 0.131563127 -0.012612359 0.114545241 0.009525060 0.993292272
1305031112.611261 0.218425840 -0.053560983 0.127144009 -0.010921962 0.111354217 0.017026257 0.993574858
1305031112.643246 0.230351433 -0.053841673 0.126173779 -0.013360255 0.116069593 0.024315948 0.992853522
1305031112.679952 0.234625310 -0.054209489 0.127224341 -0.015039185 0.122472487 0.027861580 0.991966784
1305031112.711251 0.237586468 -0.052232124 0.126556665 -0.016368734 0.126879007 0.029626746 0.991340518
1305031112.743245 0.240529880 -0.043328490 0.123723827 -0.018209800 0.129716456 0.033472735 0.990818679
1305031112.779310 0.239886463 -0.046988349 0.126808658 -0.026961390 0.134310782 0.036616538 0.989895403
1305031112.811310 0.231911734 -0.050372947 0.129110456 -0.029644266 0.136106685 0.036578942 0.989574730
1305031112.843286 0.228460953 -0.044244632 0.129101098 -0.030569009 0.130743355 0.034533359 0.990342975
1305031112.879421 0.228162557 -0.043783437 0.130179301 -0.034291591 0.126998082 0.036989518 0.990619659
1305031112.911411 0.220940515 -0.044578891 0.131964728 -0.037393805 0.124657415 0.039593104 0.990704119
1305031112.943321 0.215423346 -0.046324305 0.134692743 -0.039973624 0.118990116 0.038272969 0.991351902
1305031112.979278 0.213860050 -0.045537964 0.134340197 -0.040365424 0.111455269 0.036418989 0.992281199
1305031113.011353 0.209288269 -0.042037275 0.131140009 -0.041051157 0.107402429 0.036361061 0.992702067
1305031113.043231 0.202845037 -0.043205880 0.130471498 -0.045884207 0.104971334 0.034524739 0.992816031
1305031113.079251 0.189750746 -0.052679140 0.133030191 -0.049504004 0.103264250 0.029480020 0.992983758
1305031113.111316 0.180296794 -0.049780276 0.127747670 -0.046352625 0.097089954 0.024384513 0.993896544
1305031113.143306 0.174902037 -0.047317445 0.122831143 -0.048437018 0.092044801 0.022653528 0.994318068
1305031113.179343 0.163770154 -0.054092214 0.124504313 -0.052995045 0.090088978 0.024990020 0.994208753
1305031113.211259 0.151078850 -0.053484384 0.122103550 -0.050785590 0.084049530 0.025996599 0.994826972
1305031113.243227 0.139902264 -0.051430430 0.117247485 -0.052491277 0.075983524 0.026865471 0.995363951
1305031113.279312 0.130874261 -0.056524999 0.123016216 -0.055949308 0.069027461 0.028331418 0.995641589
1305031113.311452 0.114977494 -0.062990077 0.124348313 -0.052818242 0.062234703 0.031123592 0.996176898
1305031113.343252 0.099104412 -0.053636502 0.123713039 -0.045212112 0.051838811 0.028686604 0.997218966
1305031113.379312 0.087349340 -0.053339649 0.125194505 -0.048791353 0.041119680 0.026043009 0.997622371
1305031113.411625 0.075652875 -0.058867618 0.129760981 -0.049553242 0.032323025 0.025662908 0.997918367
1305031113.443266 0.065479934 -0.052621819 0.125839844 -0.045759212 0.022587232 0.019641811 0.998503923
1305031113.479311 0.049302060 -0.053547926 0.126495048 -0.050058220 0.015226159 0.014075125 0.998531044
1305031113.511523 0.034516007 -0.057132769 0.129581615 -0.055161018 0.008797134 0.012635980 0.998358786
1305031113.543242 0.020949323 -0.059002109 0.134140953 -0.057582133 0.001707779 0.009823116 0.998290956
1305031113.579301 0.004575100 -0.054515488 0.132047743 -0.056215838 -0.002560305 0.004803923 0.998403788
1305031113.611268 -0.007114834 -0.054522887 0.133470520 -0.059252445 -0.006609738 0.000257419 0.998221099
1305031113.643222 -0.017083053 -0.054964568 0.135645851 -0.062321436 -0.008418207 -0.002813547 0.998016655
1305031113.679288 -0.031856563 -0.055761665 0.136815697 -0.063632861 -0.007779675 -0.006406006 0.997922480
1305031113.711931 -0.042951688 -0.056661822 0.138978273 -0.064189017 -0.008364752 -0.010929806 0.997842848
1305031113.743590 -0.054881882 -0.055182058 0.139066666 -0.063114047 -0.006268539 -0.016162537 0.997855723
1305031113.779320 -0.071527377 -0.056423221 0.139762372 -0.062414695 -0.002925649 -0.020735664 0.997830570
1305031113.811237 -0.084667519 -0.054561041 0.139366180 -0.061005067 -0.002033931 -0.022735072 0.997876406
1305031113.843295 -0.098151140 -0.051786058 0.139593989 -0.061123047 0.000269990 -0.025991650 0.997791708
1305031113.879281 -0.117246628 -0.059298381 0.142919302 -0.061993860 0.001970765 -0.030783283 0.997599781
1305031113.911290 -0.128129303 -0.053973310 0.142387614 -0.057419460 -0.000028186 -0.031123312 0.997864902
1305031113.943291 -0.137462199 -0.055479717 0.144130692 -0.055704847 0.000753525 -0.033144429 0.997896731
1305031113.979293 -0.153816253 -0.054592904 0.144464344 -0.052231051 0.003322417 -0.038471818 0.997888148
1305031114.011257 -0.171965748 -0.052149069 0.143202811 -0.048534788 0.005428261 -0.043733764 0.997848809
1305031114.043301 -0.190076798 -0.051470015 0.143952429 -0.047190391 0.003592090 -0.045672968 0.997834742
1305031114.079285 -0.205101490 -0.050954316 0.145291418 -0.044773865 -0.001667844 -0.046209458 0.997926474
1305031114.111263 -0.217809588 -0.046413753 0.145011708 -0.041455999 -0.007649519 -0.049708433 0.997873724
1305031114.143284 -0.228286296 -0.045729034 0.147299662 -0.041591570 -0.013724106 -0.052346766 0.997668087
1305031114.179337 -0.237036124 -0.049758077 0.150668547 -0.040364087 -0.017394463 -0.054104988 0.997567475
1305031114.211303 -0.251066148 -0.039772891 0.147875383 -0.035999000 -0.017298657 -0.057107329 0.997568846
1305031114.243337 -0.266821027 -0.040259901 0.150918722 -0.038706485 -0.019537546 -0.061036870 0.997193336
1305031114.279390 -0.283494949 -0.039864339 0.151319832 -0.038729884 -0.024781620 -0.062778048 0.996967793
1305031114.311429 -0.291816235 -0.037351698 0.152959123 -0.039685644 -0.034285165 -0.062206101 0.996684492
1305031114.343331 -0.296613187 -0.038005847 0.155873746 -0.041196525 -0.042166416 -0.064352363 0.996184528
1305031114.379320 -0.305109113 -0.038725693 0.158381879 -0.041342620 -0.045007329 -0.068273768 0.995793045
1305031114.411397 -0.318977267 -0.037611417 0.159181833 -0.040171836 -0.045967318 -0.072788745 0.995477319
1305031114.443345 -0.332219720 -0.035468616 0.160014033 -0.039948698 -0.049561415 -0.074478865 0.995188773
1305031114.479332 -0.343162209 -0.036976408 0.161929488 -0.040934138 -0.056922697 -0.075394802 0.994685769
1305031114.511266 -0.349054784 -0.034674179 0.162333935 -0.041163187 -0.065885082 -0.076837756 0.994012415
1305031114.543236 -0.350201547 -0.036775384 0.164944828 -0.044748668 -0.071736231 -0.074972533 0.993594766
1305031114.579237 -0.355188310 -0.037894163 0.166471049 -0.046238553 -0.072629496 -0.071524508 0.993715823
1305031114.611391 -0.361285090 -0.035074044 0.166635782 -0.048007265 -0.073040895 -0.069245696 0.993763208
1305031114.644136 -0.370245546 -0.036584143 0.169424564 -0.053465083 -0.074398920 -0.068486571 0.993436396
1305031114.679251 -0.375184387 -0.038824763 0.171711430 -0.056832336 -0.080735512 -0.069296084 0.992698312
1305031114.711306 -0.373639882 -0.041279677 0.173650801 -0.057973348 -0.086786933 -0.067870133 0.992220104
1305031114.743200 -0.373319805 -0.043163620 0.174675956 -0.057482395 -0.090708710 -0.070804007 0.991692722
1305031114.779289 -0.371300250 -0.042583097 0.173143938 -0.055053089 -0.093131505 -0.073902957 0.991379857
1305031114.811303 -0.370013416 -0.038739793 0.171840608 -0.053933986 -0.093029447 -0.074663967 0.991393924
1305031114.843208 -0.368146092 -0.039207749 0.172153056 -0.054105468 -0.094123729 -0.077097230 0.991095006
1305031114.879281 -0.363810271 -0.036172900 0.170999378 -0.053834200 -0.094747886 -0.076794058 0.991073847
1305031114.912879 -0.359675348 -0.034149215 0.170926124 -0.054556292 -0.095316090 -0.077002570 0.990963697
1305031114.943234 -0.350407720 -0.031958446 0.172103971 -0.056766894 -0.096394122 -0.078750871 0.990597785
1305031114.979280 -0.345152617 -0.030112585 0.171728134 -0.058635913 -0.093561940 -0.079802752 0.990676284
1305031115.011300 -0.339959025 -0.025622642 0.172363505 -0.062066134 -0.091451287 -0.082055584 0.990480363
1305031115.043508 -0.328034222 -0.029233802 0.177753970 -0.066894226 -0.090100929 -0.082118593 0.990284562
1305031115.079238 -0.321230859 -0.025884818 0.177025437 -0.067644998 -0.085467875 -0.083551385 0.990524411
1305031115.111230 -0.310229659 -0.023601918 0.184297696 -0.070527755 -0.079981416 -0.083152637 0.990815043
1305031115.143275 -0.302456260 -0.025639536 0.187832296 -0.072347865 -0.069556415 -0.081863955 0.991577506
1305031115.179440 -0.297917902 -0.024476150 0.187317908 -0.073482543 -0.063584954 -0.081830837 0.991897702
1305031115.211374 -0.283326089 -0.029358584 0.196516573 -0.075237043 -0.061847933 -0.079499118 0.992065609
1305031115.243297 -0.273850203 -0.033574607 0.197729558 -0.071544401 -0.054626927 -0.077546373 0.992916822
1305031115.279966 -0.266136765 -0.026179496 0.195900247 -0.067919679 -0.048742387 -0.075072050 0.993667603
1305031115.311704 -0.252408862 -0.032417618 0.205743909 -0.069292940 -0.042064250 -0.070065670 0.994243383
1305031115.343235 -0.245134056 -0.029147977 0.200251758 -0.063761249 -0.028965805 -0.068843350 0.995166361
1305031115.379166 -0.245304495 -0.023463566 0.194020316 -0.066787831 -0.020544840 -0.063914716 0.995505989
1305031115.411237 -0.234778345 -0.026577352 0.198472500 -0.073590405 -0.024815764 -0.062459033 0.995021343
1305031115.443159 -0.212826550 -0.027406968 0.202015489 -0.076751083 -0.027802546 -0.056542490 0.995057404
1305031115.479241 -0.200277463 -0.026983291 0.203066453 -0.080572337 -0.025572967 -0.051285811 0.995099962
1305031115.511253 -0.177421957 -0.027626377 0.212814480 -0.082617179 -0.024576379 -0.047720611 0.995134711
1305031115.543604 -0.164330825 -0.028575659 0.214337289 -0.081287034 -0.008448652 -0.042613268 0.995743513
1305031115.579315 -0.153905228 -0.029315686 0.211896986 -0.079519168 0.005731687 -0.038323041 0.996079922
1305031115.611424 -0.140943706 -0.030063044 0.210738301 -0.077766553 0.013502732 -0.033436984 0.996319234
1305031115.643254 -0.127998859 -0.032613218 0.208429426 -0.075800747 0.022027157 -0.026334167 0.996531785
1305031115.679241 -0.121005304 -0.035128318 0.202741608 -0.073750347 0.028486988 -0.016451642 0.996734023
1305031115.711320 -0.098558649 -0.031962950 0.200521439 -0.071423106 0.026509685 -0.006821566 0.997070432
1305031115.743250 -0.075322047 -0.032572974 0.202446073 -0.070569292 0.031582922 0.000316820 0.997006714
1305031115.779425 -0.061437462 -0.034446944 0.197442994 -0.067980558 0.042354029 0.006694712 0.996764719
1305031115.811277 -0.046130326 -0.031716544 0.191774562 -0.065816768 0.052662347 0.014476272 0.996335924
1305031115.843224 -0.040037651 -0.031290289 0.191328824 -0.066367596 0.066867083 0.021821028 0.995312989
1305031115.879198 -0.035438735 -0.035895556 0.189979538 -0.065385669 0.077084675 0.028862715 0.994459450
1305031115.911118 -0.019392861 -0.031949230 0.187303558 -0.061298057 0.080136187 0.034437258 0.994301200
1305031115.943311 -0.007507469 -0.027875321 0.186643481 -0.059719894 0.088109270 0.040383842 0.993498564
1305031115.980740 -0.000257999 -0.024800871 0.185336113 -0.059262164 0.097014800 0.045700990 0.992465377
1305031116.011379 0.017974369 -0.020295493 0.187824294 -0.059661519 0.104874410 0.048719600 0.991497993
1305031116.043164 0.023061657 -0.016698396 0.190383285 -0.060417976 0.121317580 0.050169040 0.989502311
1305031116.080030 0.024042008 -0.008544380 0.191249371 -0.061161619 0.136566028 0.053443037 0.987295687
1305031116.111300 0.035690628 -0.008811650 0.196953923 -0.067458883 0.147237197 0.056909263 0.985155761
1305031116.143441 0.040929668 -0.008242046 0.203612760 -0.070390664 0.158880368 0.059654199 0.982976854
1305031116.179572 0.046741206 -0.004276609 0.204541326 -0.070347928 0.166536570 0.062712833 0.981521189
1305031116.211299 0.054829676 -0.002370282 0.207063422 -0.073099457 0.173641443 0.066153973 0.979861617
1305031116.243320 0.068887599 -0.004452902 0.208821222 -0.075286180 0.178815171 0.070025824 0.978495538
1305031116.279385 0.076463886 -0.003299658 0.206328318 -0.074175663 0.188779652 0.073198937 0.976474345
1305031116.311336 0.084423348 -0.002617999 0.204520389 -0.076053634 0.197515234 0.076832570 0.974320412
1305031116.343292 0.094114475 0.000941401 0.208060980 -0.073800996 0.202991888 0.079632625 0.973142505
1305031116.379384 0.100254878 -0.004570274 0.205629915 -0.070419490 0.205500498 0.080062866 0.972831249
1305031116.411333 0.099138297 0.005656995 0.200039476 -0.061767954 0.208079487 0.082382694 0.972677112
1305031116.443369 0.100244388 0.007575264 0.197435021 -0.062702216 0.209736794 0.091852047 0.971412420
1305031116.479850 0.106859200 -0.005873554 0.196197286 -0.068545729 0.208125055 0.096580774 0.970905542
1305031116.511205 0.105034627 -0.004970993 0.192185521 -0.066194527 0.206247970 0.093114749 0.971807420
1305031116.543262 0.097537167 -0.003350414 0.189508602 -0.063526459 0.206754491 0.088412009 0.972316980
1305031116.579313 0.086838283 -0.001943287 0.189408660 -0.063889667 0.205837220 0.085732013 0.972727716
1305031116.611261 0.080556355 -0.007162007 0.190132692 -0.066333659 0.198807150 0.080349617 0.974484205
1305031116.643355 0.066199109 -0.005193331 0.189989671 -0.065007277 0.191698074 0.071049564 0.976717889
1305031116.679281 0.057120990 -0.005203902 0.188350618 -0.066067234 0.182442740 0.062442418 0.979004979
1305031116.711634 0.048016660 -0.005115170 0.184350640 -0.066931158 0.175012454 0.052544966 0.980882227
1305031116.743291 0.035067555 -0.003256000 0.183400303 -0.069167890 0.169245303 0.041332357 0.982274652
1305031116.779298 0.020836882 -0.002992557 0.184577540 -0.072733067 0.164549664 0.031159742 0.983189881
1305031116.811318 0.004893158 -0.007230802 0.186984107 -0.075270094 0.160436824 0.022932475 0.983904719
1305031116.846089 -0.017952094 -0.004571272 0.186933428 -0.073763892 0.153730050 0.015197276 0.985238552
1305031116.880165 -0.035761848 -0.002887659 0.188006192 -0.075715676 0.143514603 0.009341529 0.986703336
1305031116.912044 -0.052986570 -0.004220668 0.189468861 -0.076966278 0.132716954 0.005262337 0.988147080
1305031116.943296 -0.065645993 0.001083810 0.189805821 -0.077233419 0.116917804 -0.002047329 0.990131795
1305031116.979351 -0.083773181 0.001637216 0.193422571 -0.077993833 0.105334170 -0.012235194 0.991298139
1305031117.011382 -0.099140249 0.004987755 0.194849595 -0.076745272 0.093015961 -0.021035954 0.992479563
1305031117.043261 -0.114327706 0.010957110 0.194467902 -0.076514088 0.082638010 -0.026628230 0.993281186
1305031117.079520 -0.124284036 0.011153060 0.196345299 -0.079953730 0.071274906 -0.032660875 0.993710518
1305031117.111238 -0.136058062 0.011480460 0.198101088 -0.083254166 0.059558403 -0.033511870 0.994182289
1305031117.143218 -0.141307414 0.016578801 0.198075935 -0.085133269 0.046648949 -0.033634886 0.994708419
1305031117.179264 -0.147634447 0.018724902 0.201051727 -0.088545233 0.036333457 -0.038542379 0.994662821
1305031117.211361 -0.149930343 0.020112103 0.203735307 -0.090794347 0.027919430 -0.041536365 0.994611323
1305031117.243277 -0.148744404 0.025949676 0.205237299 -0.092806928 0.023669688 -0.043246906 0.994462848
1305031117.279299 -0.149967104 0.023111004 0.208211511 -0.098791912 0.023916110 -0.047596633 0.993681431
1305031117.311200 -0.154373720 0.019846205 0.210213110 -0.103278317 0.026327206 -0.048819225 0.993104815
1305031117.343243 -0.155927941 0.015113046 0.211979762 -0.106038228 0.025749153 -0.049457934 0.992797434
1305031117.379454 -0.158199728 0.010605811 0.212202057 -0.106071666 0.026056910 -0.049611907 0.992778182
1305031117.411221 -0.160901859 0.003915381 0.212925106 -0.105878301 0.024963185 -0.048465718 0.992883503
1305031117.443274 -0.160038605 0.001615898 0.211662635 -0.102464989 0.022658812 -0.047450762 0.993345797
1305031117.479403 -0.161783457 -0.004892561 0.211895213 -0.101288527 0.022167288 -0.045809928 0.993554592
1305031117.511325 -0.162050724 -0.013138457 0.213195831 -0.098778218 0.020293199 -0.044003047 0.993928969
1305031117.544285 -0.164546594 -0.016496228 0.212068707 -0.093078762 0.020030294 -0.044241872 0.994473636
1305031117.579155 -0.166652471 -0.021765089 0.213082895 -0.090062939 0.018638698 -0.046107624 0.994693577
1305031117.611159 -0.167761877 -0.028430762 0.215362430 -0.089135468 0.016987985 -0.045480948 0.994835556
1305031117.643252 -0.169100627 -0.036558278 0.218134254 -0.087732725 0.015019551 -0.044379793 0.995041609
1305031117.679262 -0.169803962 -0.042410456 0.220432669 -0.087337993 0.012247462 -0.043600794 0.995148778
1305031117.711184 -0.168479443 -0.052474342 0.225806803 -0.088632151 0.008970273 -0.040866610 0.995185316
1305031117.743184 -0.169233829 -0.061970066 0.230164975 -0.088595428 0.006890540 -0.037708692 0.995329797
1305031117.779467 -0.169826567 -0.068449967 0.233083889 -0.087884463 0.004508169 -0.035971329 0.995470762
1305031117.811320 -0.167796642 -0.080814190 0.239614710 -0.089890286 0.001690804 -0.033449762 0.995388329
1305031117.843291 -0.163656622 -0.089580745 0.244392395 -0.087167844 0.000515594 -0.033035181 0.995645583
1305031117.879451 -0.163830802 -0.096949175 0.247807816 -0.085474350 0.003548167 -0.033148278 0.995782495
1305031117.911407 -0.165330201 -0.108688489 0.253622144 -0.085620187 0.005535081 -0.033048976 0.995764196
1305031117.943253 -0.165365681 -0.114970453 0.256830364 -0.083491690 0.007390043 -0.033593819 0.995914638
1305031117.979228 -0.169051707 -0.122938953 0.261771858 -0.085040361 0.010210339 -0.033981331 0.995745540
1305031118.011228 -0.168009043 -0.136429682 0.269955158 -0.087971479 0.009887261 -0.033981021 0.995494127
1305031118.043521 -0.168113038 -0.145725310 0.275171310 -0.086889975 0.011021349 -0.033999428 0.995576560
1305031118.079334 -0.165924281 -0.154497936 0.279993534 -0.086764313 0.011449997 -0.035386417 0.995534360
1305031118.111217 -0.162984729 -0.166355684 0.286119908 -0.086960651 0.014491705 -0.036277909 0.995445490
1305031118.143256 -0.166743383 -0.173826158 0.290948004 -0.084854506 0.020034164 -0.038440689 0.995449960
1305031118.179323 -0.166780517 -0.187011644 0.297205418 -0.085661374 0.022643322 -0.039761923 0.995273054
1305031118.211202 -0.171373323 -0.199964315 0.301714361 -0.083748728 0.026164686 -0.038585678 0.995395780
1305031118.243173 -0.173482388 -0.208477885 0.304839462 -0.080401927 0.025519878 -0.039154328 0.995666206
1305031118.279194 -0.170473665 -0.221552819 0.311157703 -0.078029126 0.023845816 -0.039440867 0.995885193
1305031118.311299 -0.171031743 -0.229833648 0.314055383 -0.071734078 0.023314016 -0.040043604 0.996346951
1305031118.343324 -0.168493807 -0.234203994 0.316454649 -0.066282794 0.023450561 -0.041632298 0.996656120
1305031118.379208 -0.172896639 -0.241424248 0.320133299 -0.062282447 0.026164575 -0.043492053 0.996767163
1305031118.411296 -0.175551444 -0.242399663 0.320398599 -0.058334783 0.025153453 -0.043505024 0.997031450
1305031118.445692 -0.173527986 -0.245636255 0.321703166 -0.057810213 0.024653956 -0.040561665 0.997198522
1305031118.479285 -0.172875807 -0.249055535 0.325044662 -0.057525013 0.023882870 -0.038268160 0.997324407
1305031118.511255 -0.169605419 -0.246855631 0.323934466 -0.054799855 0.022872798 -0.037292637 0.997538507
1305031118.544414 -0.169441402 -0.242542788 0.322092980 -0.055373099 0.023976615 -0.038369503 0.997440100
1305031118.579285 -0.166362256 -0.241380870 0.323511243 -0.057810806 0.024126897 -0.038160946 0.997306168
1305031118.616142 -0.164326742 -0.236831233 0.322517008 -0.058169484 0.025750684 -0.040349167 0.997158527
1305031118.645325 -0.167129263 -0.229357615 0.318744689 -0.059018120 0.029017322 -0.043236054 0.996897936
1305031118.679295 -0.168533221 -0.223220944 0.317327946 -0.062428501 0.030789152 -0.044756830 0.996569872
1305031118.711421 -0.169651836 -0.220208019 0.317215323 -0.064433806 0.030556643 -0.047353655 0.996329367
1305031118.746770 -0.172948033 -0.211691707 0.311564863 -0.062556013 0.028857913 -0.047188334 0.996507525
1305031118.779277 -0.171849638 -0.195364609 0.302858293 -0.063214235 0.025229702 -0.047892515 0.996530831
1305031118.811221 -0.167213961 -0.197618067 0.304312885 -0.070552781 0.021823402 -0.047692869 0.996128201
1305031118.846753 -0.162967443 -0.190263331 0.298555821 -0.067389406 0.020675519 -0.046379529 0.996433735
1305031118.879208 -0.163276419 -0.169424787 0.285773009 -0.063611306 0.023419444 -0.049197286 0.996486187
1305031118.911177 -0.162978441 -0.164722711 0.283152401 -0.067966662 0.024186112 -0.051311050 0.996073663
1305031118.946974 -0.164359376 -0.152638480 0.275106817 -0.066769987 0.026057296 -0.053383391 0.995998502
1305031118.979374 -0.168105498 -0.139198095 0.266304076 -0.067773454 0.028261714 -0.057289008 0.995653570
1305031119.011363 -0.169606939 -0.130846277 0.261038512 -0.072681226 0.028244484 -0.058891904 0.995214283
1305031119.047172 -0.171751991 -0.122817628 0.255703866 -0.075485289 0.028102992 -0.059154414 0.994993925
1305031119.079223 -0.175495103 -0.112846740 0.248839527 -0.076135658 0.026742786 -0.059430592 0.994965434
1305031119.111328 -0.175159872 -0.103768297 0.242687687 -0.076877438 0.022776248 -0.058325961 0.995072424
1305031119.147616 -0.175745249 -0.092403658 0.235606909 -0.076963663 0.019222034 -0.056900807 0.995223284
1305031119.179226 -0.173804015 -0.087941818 0.231724292 -0.078818791 0.013883741 -0.056742255 0.995175958
1305031119.211364 -0.172191322 -0.076361291 0.223833308 -0.075576894 0.011510150 -0.055540800 0.995525420
1305031119.247399 -0.172899514 -0.065252379 0.217724010 -0.074512728 0.010557162 -0.054837808 0.995655179
1305031119.279212 -0.171930566 -0.055174254 0.212162346 -0.074223474 0.009236469 -0.055052042 0.995678067
1305031119.311212 -0.172686532 -0.046047904 0.207647026 -0.074147061 0.009090838 -0.052717946 0.995811403
1305031119.347741 -0.174376503 -0.038272675 0.203080058 -0.073557854 0.007894552 -0.050614122 0.995974481
1305031119.379239 -0.173039690 -0.023240540 0.197029129 -0.071202494 0.005367932 -0.050351772 0.996175706
1305031119.411484 -0.169483691 -0.014373593 0.194113001 -0.072113782 0.004585238 -0.050060816 0.996128738
1305031119.447706 -0.169046313 -0.006397571 0.190805897 -0.073178180 0.007046327 -0.049847055 0.996047497
1305031119.479267 -0.170402765 0.006091356 0.184778690 -0.070782550 0.009618129 -0.050906301 0.996145487
1305031119.511240 -0.172530413 0.015963910 0.180067852 -0.072380990 0.011520964 -0.050297491 0.996041358
1305031119.547382 -0.172786996 0.027352221 0.176339552 -0.073233746 0.011763831 -0.048956167 0.996043026
1305031119.579559 -0.170526996 0.042739779 0.172005475 -0.073810063 0.012592117 -0.048884418 0.995993912
1305031119.615017 -0.171763808 0.048720002 0.169992372 -0.078889214 0.014879479 -0.048227433 0.995604932
1305031119.647903 -0.173807636 0.062864460 0.166755289 -0.080391183 0.016454335 -0.047558550 0.995492160
1305031119.679208 -0.171245575 0.074948750 0.165407002 -0.084269963 0.018282177 -0.049657520 0.995036900
1305031119.715232 -0.172633499 0.081187449 0.164694309 -0.091212668 0.023525640 -0.047152273 0.994436264
1305031119.747193 -0.176121041 0.088923745 0.162586436 -0.094857574 0.026101666 -0.042548895 0.994238555
1305031119.779169 -0.176581517 0.097903818 0.161463708 -0.097842701 0.024740864 -0.040162493 0.994083345
1305031119.814537 -0.173529357 0.107851729 0.160093203 -0.099539295 0.022946846 -0.035606716 0.994131565
1305031119.847429 -0.171423212 0.117374420 0.158410624 -0.101635836 0.023524195 -0.031752005 0.994036496
1305031119.879214 -0.171231106 0.120866761 0.157549277 -0.103470907 0.025365949 -0.032031346 0.993792892
1305031119.911401 -0.171990290 0.137172416 0.152584463 -0.100225002 0.027572429 -0.031252362 0.994091570
1305031119.947392 -0.170635223 0.143315077 0.152240887 -0.105073713 0.028818619 -0.031227574 0.993556142
1305031119.979537 -0.170265764 0.148457691 0.150315225 -0.107498236 0.032119986 -0.032406121 0.993157744
1305031120.015264 -0.169903114 0.160258323 0.145930260 -0.109640174 0.035385821 -0.030039847 0.992886961
1305031120.047290 -0.170585304 0.153533027 0.146632478 -0.121210076 0.036028013 -0.028374279 0.991566956
1305031120.079418 -0.172319189 0.153180853 0.146063447 -0.123402141 0.034493674 -0.026033470 0.991415322
1305031120.115232 -0.171323583 0.158041432 0.144948915 -0.123377815 0.031738289 -0.024130881 0.991558492
1305031120.148157 -0.169994026 0.152446091 0.147246048 -0.127223656 0.030660240 -0.022837307 0.991137028
1305031120.179246 -0.168612599 0.148296729 0.150647670 -0.126310676 0.030623956 -0.020096380 0.991314232
1305031120.215249 -0.169058844 0.146631792 0.153246880 -0.120391428 0.030455124 -0.020661715 0.992044091
1305031120.248003 -0.169619709 0.144179180 0.153438881 -0.115627162 0.030685088 -0.023690281 0.992535949
1305031120.279430 -0.169783324 0.140319675 0.156205013 -0.111339197 0.031388398 -0.026011227 0.992946029
1305031120.315196 -0.169085160 0.134828150 0.160527736 -0.107790396 0.031229764 -0.028425647 0.993276358
1305031120.347787 -0.169820517 0.130317420 0.163187280 -0.102499336 0.031903744 -0.030861607 0.993742228
1305031120.379437 -0.168533757 0.124545783 0.172155917 -0.098938361 0.030796459 -0.031688068 0.994112015
1305031120.415445 -0.170074165 0.118217394 0.180191636 -0.089901909 0.030723261 -0.032600850 0.994942665
1305031120.447417 -0.170975327 0.115716949 0.181396812 -0.080338523 0.030290509 -0.033245973 0.995752454
1305031120.479432 -0.170671478 0.110084169 0.193136796 -0.074449144 0.029229879 -0.034232326 0.996208370
1305031120.514819 -0.173386037 0.104554355 0.198909551 -0.065107279 0.027985850 -0.033553906 0.996921241
1305031120.547736 -0.173857003 0.100075841 0.203165188 -0.056349918 0.024736309 -0.032218140 0.997584462
1305031120.579551 -0.174945906 0.092480861 0.206986457 -0.052675530 0.020995876 -0.028861418 0.997973680
1305031120.615236 -0.173173890 0.081271484 0.213369355 -0.050021529 0.015929319 -0.026444782 0.998270869
1305031120.647354 -0.171780258 0.074223727 0.217305109 -0.044253260 0.012433653 -0.026562100 0.998589754
1305031120.679318 -0.170820698 0.067548886 0.221960470 -0.041059420 0.010664820 -0.025993345 0.998761594
1305031120.714522 -0.171943352 0.058431987 0.225602746 -0.038987190 0.010468222 -0.025618799 0.998856366
1305031120.747369 -0.172958121 0.047679406 0.230173677 -0.038513936 0.008379132 -0.025367090 0.998900890
1305031120.779894 -0.170090899 0.036745839 0.234818608 -0.036773376 0.005147108 -0.025531845 0.998984158
1305031120.814944 -0.171064332 0.031640396 0.236298025 -0.032896210 0.005144130 -0.026683554 0.999089301
1305031120.847921 -0.170844764 0.020947924 0.240931123 -0.034302630 0.003980679 -0.028453231 0.998998463
1305031120.883435 -0.168152481 0.009470631 0.245084167 -0.032703910 0.003279391 -0.030126449 0.999005556
1305031120.915444 -0.169275478 0.004292970 0.246649742 -0.030319266 0.004910912 -0.032053985 0.999014080
1305031120.947488 -0.170287967 -0.006665622 0.250366151 -0.031171648 0.005368781 -0.034060221 0.998919129
1305031120.983366 -0.171253517 -0.016840661 0.253354311 -0.031187812 0.005459520 -0.036011018 0.998849690
1305031121.015019 -0.170985818 -0.027798440 0.256158352 -0.030306717 0.004399480 -0.036948092 0.998847842
1305031121.047498 -0.172813028 -0.033273630 0.257659167 -0.028658941 0.005091211 -0.038047586 0.998851895
1305031121.083099 -0.175449014 -0.048126999 0.261453539 -0.029550293 0.004416399 -0.038720131 0.998803318
1305031121.114696 -0.175213218 -0.054981671 0.262967587 -0.026263263 0.002631971 -0.038874436 0.998895407
1305031121.147331 -0.176370859 -0.064512528 0.264926910 -0.024887633 0.002038370 -0.039383624 0.998912096
1305031121.183271 -0.177021354 -0.074667104 0.267312646 -0.023519145 0.000575274 -0.040002558 0.998922586
1305031121.211420 -0.174864560 -0.085788637 0.270187199 -0.021570895 -0.000009166 -0.040347639 0.998952866
1305031121.247194 -0.179356560 -0.091703959 0.270720482 -0.018804355 0.002583798 -0.041241869 0.998968899
1305031121.282876 -0.179314524 -0.103355587 0.274491429 -0.019726023 0.000774183 -0.039696932 0.999016762
1305031121.313568 -0.178281188 -0.115331888 0.278670102 -0.017610675 0.000040742 -0.038950030 0.999085963
1305031121.347517 -0.182112321 -0.121867724 0.279606938 -0.015064576 -0.000099015 -0.037945800 0.999166250
1305031121.383226 -0.177535966 -0.135953099 0.285932213 -0.014864824 -0.003214444 -0.037008505 0.999199212
1305031121.414318 -0.178632453 -0.143661514 0.287448823 -0.009929590 -0.002184479 -0.038612183 0.999202549
1305031121.447319 -0.179491282 -0.149950802 0.289622724 -0.008063165 -0.001675480 -0.037955899 0.999245465
1305031121.482964 -0.175767705 -0.165815741 0.295867801 -0.008411206 -0.001153727 -0.035893343 0.999319553
1305031121.514107 -0.181384966 -0.170918003 0.292032987 -0.004266729 0.002200932 -0.036047570 0.999338567
1305031121.547270 -0.181412101 -0.177177191 0.294298291 -0.005275947 0.002243489 -0.035710000 0.999345720
1305031121.583204 -0.180584058 -0.189189315 0.299513847 -0.007517749 0.003207351 -0.036041345 0.999316871
1305031121.614700 -0.179902568 -0.197864279 0.301596880 -0.006533610 0.004637046 -0.037220433 0.999274969
1305031121.647183 -0.178332165 -0.203770339 0.303499937 -0.005720716 0.008307361 -0.039888415 0.999153197
1305031121.683200 -0.184446007 -0.211585388 0.306326509 -0.008098679 0.013743409 -0.041500662 0.999011099
1305031121.714520 -0.187219575 -0.219546750 0.308824241 -0.008821384 0.014923728 -0.040304653 0.999037027
1305031121.747145 -0.186769515 -0.224712431 0.311391979 -0.010497344 0.014908686 -0.039984100 0.999033928
1305031121.782835 -0.186191663 -0.232346684 0.315429419 -0.012480280 0.015025385 -0.037751596 0.999096215
1305031121.811540 -0.182863563 -0.236340284 0.318003207 -0.013397455 0.015275368 -0.035439629 0.999165237
1305031121.847335 -0.186297297 -0.239305794 0.318353862 -0.014899628 0.018206997 -0.032861196 0.999182999
1305031121.882060 -0.188285038 -0.241898581 0.319235623 -0.016911309 0.019057669 -0.027022570 0.999310076
1305031121.914931 -0.189056396 -0.243196383 0.320285439 -0.018882049 0.017543985 -0.024509529 0.999367297
1305031121.947288 -0.185172155 -0.243434265 0.321434259 -0.018993216 0.014311878 -0.024700060 0.999412000
1305031121.982926 -0.183378786 -0.238667220 0.320214659 -0.018480774 0.014324956 -0.025219562 0.999408424
1305031122.014256 -0.184740320 -0.236333489 0.319813371 -0.019489914 0.014762363 -0.027195234 0.999331117
1305031122.047306 -0.184765682 -0.230786651 0.317222774 -0.018464932 0.013489505 -0.031070834 0.999255538
1305031122.082959 -0.183304146 -0.224921614 0.314629734 -0.018183701 0.012701903 -0.034706663 0.999151349
1305031122.114672 -0.184631377 -0.214524060 0.309420109 -0.016647043 0.013243924 -0.038568500 0.999029517
1305031122.150725 -0.183868840 -0.206025094 0.306558400 -0.017564569 0.012979711 -0.043945339 0.998795211
1305031122.183042 -0.180721506 -0.196847245 0.302989870 -0.016614143 0.013125870 -0.048029158 0.998621523
1305031122.214959 -0.186165497 -0.179018661 0.294827968 -0.018083576 0.016781867 -0.054902505 0.998186886
1305031122.251319 -0.184105560 -0.174795985 0.296681464 -0.025585013 0.016550595 -0.056902807 0.997914612
1305031122.283560 -0.185489997 -0.162404612 0.290646166 -0.026540730 0.016172957 -0.058350332 0.997812212
1305031122.314289 -0.188353777 -0.148836076 0.283045173 -0.032988034 0.015109722 -0.063197672 0.997341216
1305031122.351327 -0.187584624 -0.143971562 0.280499786 -0.041496504 0.012576886 -0.064753540 0.996958792
1305031122.382630 -0.189561769 -0.132404715 0.275724024 -0.046630338 0.011110556 -0.064929150 0.996737838
1305031122.414997 -0.191194996 -0.127240553 0.272078037 -0.052366234 0.007180267 -0.064911664 0.996490180
1305031122.451257 -0.191437051 -0.115530655 0.265186697 -0.054200672 0.002614773 -0.063696928 0.996492922
1305031122.483360 -0.191732183 -0.107769281 0.260679692 -0.058363345 -0.002207260 -0.063599169 0.996264994
1305031122.515097 -0.188672006 -0.097655967 0.255661726 -0.059961706 -0.007062791 -0.064623699 0.996081531
1305031122.551490 -0.185200393 -0.087594181 0.251257747 -0.061735470 -0.008915005 -0.066412710 0.995840669
1305031122.583208 -0.185867876 -0.078882441 0.246810123 -0.063658066 -0.007257884 -0.067974910 0.995627642
1305031122.614980 -0.189542577 -0.071807951 0.242955834 -0.065180808 -0.006396040 -0.067062147 0.995596886
1305031122.648788 -0.188046828 -0.061205417 0.237010702 -0.063921757 -0.008860940 -0.065852389 0.995740414
1305031122.683402 -0.188125148 -0.050390456 0.232077539 -0.063249797 -0.010055211 -0.064751431 0.995844185
1305031122.715208 -0.190222830 -0.040276561 0.227586910 -0.063228257 -0.012099656 -0.062140226 0.995989144
1305031122.751298 -0.188954666 -0.026229043 0.221523941 -0.062053487 -0.014794263 -0.062550120 0.996001005
1305031122.783423 -0.188916579 -0.012350476 0.217142299 -0.064446196 -0.014536907 -0.063488401 0.995793462
1305031122.812555 -0.185308397 -0.007126473 0.216699630 -0.070900247 -0.014769197 -0.063997023 0.995318770
1305031122.851418 -0.182404190 0.001207095 0.214689523 -0.073042199 -0.011306055 -0.066153273 0.995068192
1305031122.883754 -0.186016634 0.011600736 0.209632471 -0.075703703 -0.003254102 -0.065657340 0.994961023
1305031122.914571 -0.186802819 0.015450610 0.207699254 -0.080568492 -0.000736900 -0.063620679 0.994716346
1305031122.951341 -0.187172472 0.021956187 0.204987064 -0.081932589 0.000165027 -0.062667184 0.994665682
1305031122.982815 -0.189726532 0.033685755 0.201036662 -0.082258470 0.001224826 -0.059017066 0.994861305
1305031123.015450 -0.188265547 0.037526470 0.199855357 -0.085760362 -0.000363715 -0.056429230 0.994716406
1305031123.051827 -0.185996071 0.043170936 0.197455749 -0.085612081 -0.000661819 -0.054872021 0.994816184
1305031123.082975 -0.187474445 0.055932485 0.192354485 -0.083516821 0.001104568 -0.052964661 0.995097220
1305031123.113873 -0.187538743 0.066973522 0.189742833 -0.085673429 0.002687766 -0.050735757 0.995027006
1305031123.150822 -0.188041046 0.074460842 0.187650800 -0.088816941 0.003899993 -0.050530337 0.994757771
1305031123.182155 -0.184539378 0.087072000 0.185915351 -0.089825243 0.004852776 -0.049910359 0.994694352
1305031123.214704 -0.183358595 0.097463802 0.184785262 -0.093620606 0.009754827 -0.050300546 0.994288623
1305031123.250618 -0.184838712 0.111555889 0.181871027 -0.097914055 0.014753917 -0.050978854 0.993778825
1305031123.282347 -0.182362556 0.119498149 0.182951212 -0.106478259 0.017455079 -0.048414245 0.992982268
1305031123.311327 -0.179602191 0.125896588 0.183274701 -0.112802118 0.020930659 -0.047574434 0.992257178
1305031123.350481 -0.179541245 0.134578183 0.182528466 -0.117427185 0.025829704 -0.047057237 0.991629601
1305031123.382255 -0.176821187 0.143897936 0.181830406 -0.121282920 0.030086994 -0.043571666 0.991204679
1305031123.411363 -0.175581545 0.147115320 0.181264743 -0.126016572 0.034675680 -0.041666240 0.990545988
1305031123.451255 -0.175537288 0.156836852 0.178101316 -0.127196118 0.037585523 -0.039874878 0.990362823
1305031123.483594 -0.173443109 0.166692346 0.176744729 -0.130034715 0.039199933 -0.035315622 0.990104616
1305031123.511360 -0.172610328 0.171315297 0.175738588 -0.133861005 0.041073382 -0.032825023 0.989604354
1305031123.551513 -0.171050936 0.179054916 0.173555851 -0.135097593 0.040748764 -0.030564155 0.989522099
1305031123.579583 -0.167114943 0.185301557 0.173516110 -0.137431413 0.039970204 -0.027360443 0.989326239
1305031123.611335 -0.164322883 0.195037276 0.170273528 -0.137144402 0.040849235 -0.026043197 0.989365697
1305031123.652411 -0.161784932 0.202421069 0.170132995 -0.140888005 0.042541310 -0.025652299 0.988778412
1305031123.683753 -0.159506366 0.206635132 0.170156062 -0.145696715 0.045776665 -0.024394108 0.987968564
1305031123.711323 -0.159247607 0.213865027 0.168817148 -0.149066657 0.049936969 -0.023134137 0.987294376
1305031123.751723 -0.159611955 0.216168255 0.169030204 -0.152822360 0.052470922 -0.021976940 0.986615002
1305031123.783858 -0.159716174 0.217746437 0.168331936 -0.154927060 0.052279029 -0.020433335 0.986330092
1305031123.811608 -0.159399092 0.218985394 0.167346045 -0.156063735 0.052127969 -0.019248381 0.986182690
1305031123.851444 -0.160423532 0.218998358 0.167395890 -0.157275915 0.052667215 -0.017104505 0.986000955
1305031123.883786 -0.161533058 0.217289165 0.169304088 -0.157131553 0.051751722 -0.016951000 0.986075103
1305031123.911243 -0.162458822 0.215291321 0.168418765 -0.154032230 0.050562415 -0.017824508 0.986610234
1305031123.951442 -0.162587270 0.213667780 0.167228922 -0.154276416 0.050188627 -0.015825287 0.986625314
1305031123.983415 -0.166412458 0.207485735 0.173656225 -0.156397939 0.049633920 -0.014880047 0.986333966
1305031124.011302 -0.167001724 0.204891607 0.176291645 -0.149265662 0.045521937 -0.016226260 0.987615407
1305031124.051505 -0.167317420 0.203536719 0.175491020 -0.143492162 0.042435247 -0.016401067 0.988605201
1305031124.083837 -0.166126713 0.202972919 0.182842925 -0.139343351 0.038683977 -0.016615424 0.989348710
1305031124.111331 -0.165551051 0.199012801 0.188667461 -0.130665526 0.034934342 -0.019074466 0.990627229
1305031124.147446 -0.165889889 0.200742498 0.186538771 -0.121399418 0.033764739 -0.022083638 0.991783440
1305031124.182694 -0.165990174 0.195746258 0.193579212 -0.118357316 0.032278705 -0.024314133 0.992148399
1305031124.211396 -0.166942954 0.190481305 0.196775660 -0.109629638 0.031081544 -0.027278535 0.993111849
1305031124.249327 -0.170136347 0.188297972 0.195837706 -0.101763211 0.030966857 -0.028261764 0.993924856
1305031124.282545 -0.171950400 0.185837895 0.200459749 -0.098304793 0.027084913 -0.029133204 0.994361043
1305031124.311361 -0.170754880 0.178661942 0.206470683 -0.092476003 0.022008289 -0.030145559 0.995015085
1305031124.350354 -0.171900243 0.175642729 0.208278790 -0.084642440 0.018814785 -0.031627912 0.995731533
1305031124.382420 -0.171916410 0.169565082 0.212442979 -0.078862697 0.016102400 -0.033299737 0.996199012
1305031124.411439 -0.174749017 0.163543642 0.215694189 -0.070979580 0.015357551 -0.034865763 0.996749938
1305031124.450245 -0.175499931 0.157701164 0.217839986 -0.061577208 0.013875769 -0.037690580 0.997293890
1305031124.480099 -0.177979335 0.151648238 0.220180690 -0.052404657 0.013177458 -0.041461553 0.997677803
1305031124.511324 -0.180290416 0.146609426 0.221303657 -0.043427143 0.011729252 -0.044313937 0.998004377
1305031124.550437 -0.182045221 0.137812793 0.223942921 -0.038316481 0.010061426 -0.047468729 0.998086810
1305031124.579404 -0.184039801 0.124930032 0.226636007 -0.035184566 0.007731755 -0.050232276 0.998087645
1305031124.611358 -0.184827983 0.112897493 0.229374439 -0.030500524 0.005000814 -0.052352339 0.998150289
1305031124.651271 -0.185824469 0.101971984 0.231663108 -0.026659714 0.002480997 -0.054775391 0.998139679
1305031124.679362 -0.185068995 0.088180475 0.235556453 -0.023306016 -0.000114839 -0.056978710 0.998103321
1305031124.711251 -0.185135886 0.078358144 0.237965703 -0.018391673 -0.000625322 -0.059039991 0.998085976
1305031124.749890 -0.186495662 0.063845895 0.241869494 -0.017163884 -0.000764133 -0.060518224 0.998019218
1305031124.779365 -0.187979832 0.051752109 0.245314136 -0.013795131 -0.002043863 -0.061546154 0.998006821
1305031124.811360 -0.188265681 0.041651029 0.249223456 -0.011223954 -0.003339147 -0.062096406 0.998001456
1305031124.850535 -0.189611092 0.026945282 0.254504859 -0.011980209 -0.004677640 -0.062702231 0.997949421
1305031124.879355 -0.185332224 0.013250220 0.261582375 -0.010068170 -0.006600513 -0.063117415 0.997933507
1305031124.911448 -0.187529445 0.006199977 0.265161157 -0.007234656 -0.003323720 -0.063707307 0.997936845
1305031124.950730 -0.188128904 -0.006432847 0.271500379 -0.010309125 -0.001981751 -0.062957995 0.997960985
1305031124.979438 -0.189338312 -0.025261587 0.279115021 -0.010510853 -0.001496017 -0.060232762 0.998127878
1305031125.011454 -0.194717258 -0.034695823 0.281608313 -0.005351898 -0.002625370 -0.059862003 0.998188853
1305031125.050763 -0.189644560 -0.041158516 0.285287291 -0.002847663 -0.006692397 -0.058760643 0.998245597
1305031125.079364 -0.190455601 -0.053798206 0.290274709 -0.004150237 -0.005735123 -0.055463415 0.998435616
1305031125.111364 -0.192801982 -0.067354336 0.294182748 -0.004071781 -0.006539475 -0.054311410 0.998494327
1305031125.151013 -0.190645456 -0.076226614 0.297807813 -0.000038019 -0.007962255 -0.056849778 0.998350978
1305031125.179353 -0.193621188 -0.080028184 0.298107147 0.000722944 -0.004313869 -0.056408912 0.998398185
1305031125.211320 -0.195662200 -0.093459465 0.304049402 -0.003244082 -0.002720197 -0.055562828 0.998446226
1305031125.250632 -0.198975056 -0.105533086 0.307775915 -0.001728855 -0.002102584 -0.058095820 0.998307288
1305031125.279467 -0.200919092 -0.108985446 0.307372332 0.002165054 -0.001572066 -0.059507616 0.998224258
1305031125.311493 -0.200886771 -0.120488629 0.312588632 0.001679362 -0.000380971 -0.058911759 0.998261690
1305031125.348880 -0.204351828 -0.126666799 0.312542677 0.005559317 0.001517590 -0.062387813 0.998035371
1305031125.379401 -0.201698691 -0.132051572 0.315796316 0.005495888 0.002845271 -0.066229828 0.997785211
1305031125.411335 -0.201959729 -0.137684420 0.317878902 0.005629989 0.009265195 -0.066651888 0.997717381
1305031125.451195 -0.203928664 -0.143395662 0.322178096 0.003003276 0.014927059 -0.068440303 0.997539043
1305031125.479424 -0.204202130 -0.151068315 0.325887918 0.003475535 0.018590013 -0.069660850 0.997391462
1305031125.511316 -0.205880895 -0.152192399 0.324756742 0.004447903 0.022960583 -0.070447929 0.997241259
1305031125.551020 -0.205115482 -0.155222028 0.325164467 0.003595351 0.025900466 -0.072080858 0.997055948
1305031125.579308 -0.204705298 -0.157559544 0.326846421 0.002130621 0.029442761 -0.074186392 0.996807396
1305031125.611533 -0.206245363 -0.162414938 0.327476203 0.002500275 0.032863155 -0.073910430 0.996720135
1305031125.650575 -0.211664945 -0.165254667 0.323881090 0.006398749 0.033925958 -0.070862822 0.996888459
1305031125.679328 -0.214625210 -0.156621113 0.316566467 0.011650598 0.030226922 -0.070587181 0.996979475
1305031125.711443 -0.212727994 -0.159833014 0.315076053 0.011321827 0.023999551 -0.068764433 0.997279942
1305031125.751260 -0.208360225 -0.149966389 0.307947487 0.016532632 0.020356946 -0.067470945 0.997376561
1305031125.779348 -0.206542239 -0.143107370 0.305561066 0.015978288 0.019205742 -0.070106074 0.997226655
1305031125.811573 -0.205332160 -0.134058535 0.299628556 0.016296959 0.020026475 -0.071556799 0.997102261
1305031125.847412 -0.205448657 -0.128612816 0.297686934 0.013075936 0.021854166 -0.072736435 0.997025967
1305031125.879318 -0.208994463 -0.120311454 0.292204171 0.012701723 0.022487419 -0.073513925 0.996959746
1305031125.911305 -0.213076890 -0.109032206 0.286906600 0.008966398 0.020853771 -0.073007978 0.997072995
1305031125.947343 -0.214057341 -0.105688564 0.285768688 0.003812855 0.014208279 -0.069645435 0.997463346
1305031125.979324 -0.210066274 -0.095759310 0.280276775 0.002586541 0.005533181 -0.066426106 0.997772634
1305031126.011333 -0.203729421 -0.085448563 0.278230965 -0.000459359 -0.001476691 -0.066556603 0.997781456
1305031126.047324 -0.199069008 -0.073888056 0.276137948 -0.003716064 -0.003477964 -0.066582620 0.997767925
1305031126.079356 -0.197421178 -0.062458664 0.274336994 -0.008363958 -0.001725322 -0.065670744 0.997804821
1305031126.111370 -0.195485711 -0.055260353 0.274685830 -0.013584829 -0.001030692 -0.065730132 0.997744441
1305031126.147432 -0.196348354 -0.039438054 0.271886289 -0.015365609 0.001303044 -0.064294763 0.997811794
1305031126.179384 -0.197226852 -0.027147938 0.270655155 -0.022370320 0.002187097 -0.063903160 0.997702956
1305031126.211319 -0.194864973 -0.017625572 0.270449936 -0.027282473 0.001658687 -0.063972212 0.997577310
1305031126.247298 -0.192414016 -0.002738697 0.267240018 -0.029695779 0.002978288 -0.063623317 0.997527599
1305031126.279363 -0.191408664 0.008234849 0.265442222 -0.034363892 0.005296487 -0.064600058 0.997305334
1305031126.311332 -0.190869495 0.021816151 0.263649523 -0.038517348 0.009356949 -0.066344418 0.997009158
1305031126.347363 -0.190366402 0.030518983 0.262288123 -0.043876458 0.013548071 -0.067542732 0.996659040
1305031126.379423 -0.191828847 0.041552417 0.259724498 -0.047424156 0.017545823 -0.068895295 0.996341586
1305031126.411465 -0.191348702 0.052490231 0.257137805 -0.052097958 0.019608555 -0.070119917 0.995984197
1305031126.447361 -0.190686256 0.058158021 0.255401850 -0.058082260 0.021062521 -0.068750806 0.995718896
1305031126.479533 -0.191543728 0.067829080 0.251873970 -0.060312349 0.021413622 -0.065847591 0.995775044
1305031126.511410 -0.190190211 0.083710365 0.248786345 -0.061625686 0.019755326 -0.063869126 0.995857775
1305031126.547374 -0.185323089 0.091953561 0.248299956 -0.068049543 0.018359676 -0.062908821 0.995527327
1305031126.579454 -0.183909819 0.100825116 0.246169612 -0.072099231 0.020754742 -0.061018180 0.995312870
1305031126.611528 -0.183744252 0.108267434 0.244258553 -0.077613771 0.023193182 -0.059301257 0.994948030
1305031126.647376 -0.180185869 0.109819882 0.244992897 -0.083396137 0.024062797 -0.056450315 0.994625270
1305031126.679479 -0.179154754 0.116089702 0.242213994 -0.084836751 0.026265860 -0.052206814 0.994679511
1305031126.711583 -0.176530227 0.122779377 0.240279332 -0.087134719 0.027189873 -0.049068168 0.994615793
1305031126.747316 -0.175692588 0.124456607 0.239239126 -0.088598542 0.028934740 -0.046246808 0.994572401
1305031126.779379 -0.174271062 0.131663561 0.235870957 -0.086983748 0.029654730 -0.043330409 0.994825065
1305031126.811602 -0.170672819 0.135907903 0.235012308 -0.086897977 0.030871850 -0.042439837 0.994833946
1305031126.847343 -0.170658365 0.139393106 0.232162431 -0.086909503 0.035046771 -0.042152658 0.994706810
1305031126.879357 -0.169851482 0.141452730 0.230506048 -0.087627210 0.036857296 -0.041816577 0.994592547
1305031126.911364 -0.168355390 0.142381832 0.229057431 -0.087988190 0.038617287 -0.042444851 0.994467318
1305031126.947437 -0.170394197 0.143792257 0.226627722 -0.088456102 0.040713195 -0.041036204 0.994401336
1305031126.979337 -0.170272902 0.141481683 0.227113590 -0.089928903 0.039652415 -0.039890677 0.994358718
1305031127.011371 -0.170062363 0.141347259 0.226460159 -0.088447623 0.038670585 -0.039565884 0.994543195
1305031127.047297 -0.169683024 0.142847747 0.225203395 -0.086942278 0.038223036 -0.038506009 0.994734824
1305031127.079299 -0.169989362 0.141495943 0.226197287 -0.087689593 0.037812695 -0.038444176 0.994687259
1305031127.111435 -0.172324598 0.139943853 0.226934493 -0.087450691 0.036458839 -0.037511602 0.994794428
1305031127.147307 -0.172239140 0.137799576 0.229081288 -0.086309649 0.032607824 -0.036892887 0.995050907
1305031127.179349 -0.172375977 0.139046848 0.228366777 -0.083106108 0.029674482 -0.037622679 0.995388031
1305031127.211700 -0.170913652 0.137797445 0.230823889 -0.082238004 0.027509497 -0.037744723 0.995517671
1305031127.247374 -0.170724750 0.134035334 0.233070374 -0.080615349 0.027064785 -0.038920600 0.995617330
1305031127.279465 -0.172478065 0.134870455 0.232057527 -0.077277817 0.027538296 -0.040189754 0.995818555
1305031127.311362 -0.173129886 0.131852418 0.235210747 -0.077895895 0.026659293 -0.041017320 0.995760560
1305031127.347356 -0.173511297 0.126667708 0.238806233 -0.076674551 0.024791203 -0.041810721 0.995870590
1305031127.379262 -0.174841002 0.128870800 0.238103509 -0.072409786 0.024139803 -0.042565845 0.996173799
1305031127.411371 -0.175271749 0.127175465 0.240140900 -0.072237827 0.022987602 -0.043343764 0.996179998
1305031127.447333 -0.175372005 0.122379690 0.243763268 -0.072094731 0.021411588 -0.043935481 0.996199548
1305031127.479362 -0.177421257 0.125226676 0.242735073 -0.068608016 0.021186158 -0.045098267 0.996398628
1305031127.511356 -0.177815527 0.124059804 0.244991198 -0.069771282 0.020118324 -0.046190221 0.996289968
1305031127.547348 -0.177196652 0.119768292 0.248364225 -0.070285179 0.018640287 -0.046277262 0.996278524
1305031127.579345 -0.177906230 0.120688967 0.247848481 -0.067822024 0.018394763 -0.046884850 0.996425390
1305031127.611271 -0.178318530 0.121795766 0.248393312 -0.067610972 0.018052667 -0.047107641 0.996435523
1305031127.647358 -0.177783981 0.117730454 0.251464278 -0.069426484 0.017367758 -0.045641631 0.996391058
1305031127.679298 -0.178091124 0.116368495 0.251581132 -0.067992151 0.016832817 -0.044990938 0.996528745
1305031127.711375 -0.178632811 0.119341493 0.250482798 -0.066250287 0.016316028 -0.045660548 0.996624231
1305031127.747304 -0.177869946 0.116389737 0.252679467 -0.068185650 0.015374599 -0.045331866 0.996523619
1305031127.779346 -0.178320527 0.113996372 0.253423244 -0.067425594 0.015218842 -0.045406334 0.996574342
1305031127.811829 -0.179549545 0.116183892 0.252012044 -0.065111406 0.015335472 -0.046739981 0.996664762
1305031127.847366 -0.179849684 0.115610465 0.252481461 -0.065446958 0.015299186 -0.047477216 0.996608555
1305031127.879380 -0.180916339 0.114163674 0.253114939 -0.065799512 0.015238966 -0.047919072 0.996565104
1305031127.911476 -0.182148799 0.114590839 0.253055543 -0.065257780 0.014710139 -0.048361417 0.996587276
1305031127.947366 -0.182624638 0.116062805 0.253221422 -0.065453425 0.014127480 -0.048223466 0.996589541
1305031127.979371 -0.181755096 0.114719637 0.255673498 -0.067441754 0.012929022 -0.048043769 0.996481955
1305031128.011427 -0.180030197 0.114922464 0.257097900 -0.068402477 0.012333301 -0.048155595 0.996418595
1305031128.047369 -0.178994298 0.111625791 0.260961264 -0.071612306 0.012968224 -0.046724882 0.996253133
1305031128.079334 -0.179261982 0.108374350 0.262806207 -0.072169155 0.013288078 -0.046002414 0.996242344
1305031128.111391 -0.179249331 0.107990541 0.263120770 -0.071355596 0.013068439 -0.045309745 0.996335566
1305031128.147418 -0.177983955 0.106936984 0.264848411 -0.072220787 0.012480027 -0.043463860 0.996363044
1305031128.179350 -0.176412433 0.102120079 0.267334968 -0.072679952 0.011719224 -0.042245433 0.996391296
1305031128.211447 -0.177716970 0.104088701 0.265697479 -0.069804586 0.012299022 -0.042333208 0.996586144
1305031128.247480 -0.177679077 0.104667112 0.265881896 -0.069965281 0.011812037 -0.041960318 0.996596515
1305031128.279336 -0.176627591 0.100669198 0.267670214 -0.071339190 0.010873214 -0.041796461 0.996516705
1305031128.311483 -0.177197337 0.102232732 0.266551495 -0.069424115 0.011051594 -0.042576991 0.996616960
1305031128.347423 -0.178162009 0.102361813 0.266409278 -0.069429830 0.011243494 -0.043638084 0.996568501
1305031128.379404 -0.178397313 0.100642562 0.267261416 -0.070304528 0.010773662 -0.045131251 0.996445894
1305031128.411337 -0.178769737 0.099910155 0.267040461 -0.069784284 0.010839173 -0.046360623 0.996425271
1305031128.447296 -0.180164009 0.100142412 0.266345263 -0.069270872 0.011312971 -0.047716185 0.996391833
1305031128.479296 -0.180195883 0.098971300 0.266727179 -0.069840461 0.010931119 -0.048721902 0.996307671
1305031128.511433 -0.179789707 0.098171949 0.266470701 -0.069584765 0.010859368 -0.049395107 0.996293187
1305031128.547399 -0.179712757 0.097420514 0.266814083 -0.069840573 0.011313115 -0.049783666 0.996250927
1305031128.579455 -0.180109993 0.094726034 0.267306715 -0.070095390 0.011938401 -0.050032865 0.996213257
1305031128.611395 -0.181420952 0.094513543 0.266371131 -0.068734162 0.012215286 -0.049950171 0.996308863
1305031128.647352 -0.182755619 0.095060982 0.265715659 -0.068023823 0.011397587 -0.049789369 0.996375382
1305031128.679282 -0.181821242 0.093548335 0.266092420 -0.068124756 0.009478595 -0.050065871 0.996374726
1305031128.711457 -0.180047885 0.093133859 0.265922815 -0.067106031 0.008697546 -0.050933089 0.996407032
1305031128.747363 -0.179861590 0.093854085 0.265081555 -0.066012777 0.009644806 -0.051990490 0.996416748
