7127.289420 0.002482349 0.010324324 -0.014478202 0.001649988 0.002081140 -0.003979913 0.999988556
7127.326283 0.001570219 0.014892442 -0.029130658 0.002784654 0.005788424 -0.006905830 0.999955535
7127.363147 0.002962678 0.017387807 -0.044413753 0.004094604 0.009355966 -0.008462014 0.999912024
7127.400010 0.005152573 0.019706760 -0.056229260 0.005849488 0.012265226 -0.009397716 0.999863505
7127.436874 0.008884103 0.020960461 -0.069666497 0.007701340 0.014602453 -0.010416512 0.999809444
7127.473737 0.022073993 0.025279712 -0.084321529 0.011349619 0.014616350 -0.010426939 0.999774396
7127.510600 0.030864915 0.027453689 -0.097026862 0.013993325 0.015846476 -0.011059535 0.999715328
7127.547464 0.038518492 0.031067260 -0.106680185 0.015219313 0.017269747 -0.011818714 0.999665141
7127.584327 0.047743909 0.034997363 -0.114363022 0.017247330 0.018443299 -0.012818149 0.999598980
7127.621191 0.057661254 0.038847603 -0.121420704 0.018626150 0.019042395 -0.014010746 0.999547005
7127.658054 0.064899489 0.042575564 -0.125496313 0.018002806 0.019673813 -0.015911389 0.999517739
7127.694917 0.078882188 0.045053806 -0.132053480 0.017475726 0.019610424 -0.018898347 0.999476314
7127.731781 0.096613139 0.046708368 -0.138661936 0.016446762 0.018737502 -0.021676926 0.999454141
7127.768644 0.116405584 0.053355247 -0.147049114 0.014769995 0.016191531 -0.023887621 0.999474406
7127.805508 0.133363292 0.058565855 -0.149700478 0.011434177 0.013649271 -0.028828856 0.999425769
7127.842371 0.153260976 0.060062490 -0.151718169 0.007602493 0.010538556 -0.033333536 0.999359787
7127.879235 0.169277534 0.065380484 -0.150592208 0.004763006 0.008866475 -0.035216209 0.999329031
7127.916098 0.189826459 0.066511609 -0.154873148 0.003429162 0.007368378 -0.035607390 0.999332786
7127.952961 0.207399756 0.067001745 -0.158300608 0.003968314 0.007421116 -0.035519265 0.999333560
7127.989825 0.231367409 0.069286272 -0.158178851 0.004002423 0.006596190 -0.034302939 0.999381721
7128.026688 0.251276016 0.063145839 -0.161817729 0.002276015 0.007692621 -0.033217572 0.999415934
7128.063552 0.268642247 0.060149908 -0.164329052 0.004491499 0.009720982 -0.031538278 0.999445200
7128.100415 0.296601683 0.059267629 -0.163218364 0.007948234 0.008776800 -0.028675931 0.999518633
7128.137279 0.317636192 0.050988365 -0.165308043 0.009923850 0.008324803 -0.026679436 0.999560118
7128.174142 0.331710100 0.047754437 -0.161442578 0.012911657 0.009297194 -0.025512284 0.999547899
7128.211005 0.352967471 0.045939032 -0.159212723 0.014696284 0.008006622 -0.024525851 0.999559104
7128.247869 0.369341403 0.043792363 -0.155673504 0.014193647 0.006612502 -0.023215767 0.999607861
7128.284732 0.385019243 0.042680994 -0.148578376 0.011691406 0.004508333 -0.021584760 0.999688506
7128.321596 0.397924811 0.039115343 -0.141750947 0.010218221 0.002924605 -0.019006498 0.999762893
7128.358459 0.414820433 0.035576083 -0.132776588 0.009706349 0.000695440 -0.015989864 0.999824822
7128.395323 0.434745610 0.030019317 -0.124517351 0.008092284 -0.002783234 -0.014721728 0.999854982
7128.432186 0.451690048 0.025452638 -0.115339890 0.008494706 -0.004945287 -0.014938555 0.999840081
7128.469049 0.470981061 0.016752502 -0.105821788 0.011223086 -0.006613872 -0.016278706 0.999782622
7128.505913 0.490694791 0.008258325 -0.096880250 0.012771184 -0.008166160 -0.018513395 0.999713719
7128.542776 0.512512088 -0.003101140 -0.086611122 0.012750659 -0.008853663 -0.021886529 0.999639928
7128.579640 0.535023987 -0.014232882 -0.077360295 0.013576261 -0.007955635 -0.025297360 0.999556124
7128.616503 0.554724395 -0.027896555 -0.069526993 0.008804388 -0.006779469 -0.029468980 0.999503911
7128.653367 0.576529562 -0.041366268 -0.060241122 0.000104420 -0.005740987 -0.034063071 0.999403179
7128.690230 0.597362936 -0.055132587 -0.049141906 -0.002502711 -0.002170605 -0.037832681 0.999278605
7128.727093 0.622575283 -0.067239650 -0.039832212 -0.004256619 0.000887700 -0.040290143 0.999178588
7128.763957 0.644886434 -0.078564227 -0.031558428 -0.009983431 0.003425827 -0.041121397 0.999098420
7128.800820 0.672551990 -0.089050725 -0.023399994 -0.013364071 0.004897239 -0.041281618 0.999046147
7128.837684 0.697819233 -0.098674811 -0.016242698 -0.015305977 0.006205960 -0.040120699 0.999058306
7128.874547 0.721687019 -0.108555034 -0.010191279 -0.019086067 0.006711805 -0.038578346 0.999050736
7128.911410 0.748377562 -0.114872612 -0.004069107 -0.019450443 0.007045208 -0.036328882 0.999125719
7128.948274 0.771378219 -0.118465193 0.003888688 -0.017749857 0.008055210 -0.034735005 0.999206424
7128.985137 0.798805773 -0.124136895 0.010389580 -0.016437609 0.007704196 -0.033859335 0.999261737
7129.022001 0.824316204 -0.131505907 0.012492187 -0.013745735 0.008017619 -0.034022395 0.999294400
7129.058864 0.852141798 -0.138037801 0.014417335 -0.011535919 0.007374285 -0.033640478 0.999340236
7129.095728 0.882790208 -0.144205689 0.015191597 -0.012125862 0.005235668 -0.033971753 0.999335527
7129.132591 0.910855472 -0.149329931 0.016866330 -0.011411383 0.002523970 -0.035319287 0.999307752
7129.169454 0.942037225 -0.153484166 0.016432649 -0.009842789 -0.002061579 -0.037392132 0.999250054
7129.206318 0.969429076 -0.160793960 0.013666741 -0.011244080 -0.006964913 -0.038776014 0.999160409
7129.243181 1.002949357 -0.161683425 0.013134481 -0.012333380 -0.013207257 -0.039717313 0.999047518
7129.280045 1.038143873 -0.162444621 0.011017998 -0.015900057 -0.020354129 -0.041494656 0.998804808
7129.316908 1.071848512 -0.168277562 0.007956613 -0.024883680 -0.028252125 -0.043283757 0.998353243
7129.353771 1.106421351 -0.172693104 0.001394660 -0.031635936 -0.036152817 -0.042416982 0.997944355
7129.390635 1.137424469 -0.177806750 -0.004252050 -0.034041338 -0.044068635 -0.040666949 0.997619808
7129.427498 1.171872258 -0.178440511 -0.007600291 -0.036031667 -0.054664236 -0.039777063 0.997061372
7129.464362 1.205300808 -0.181689784 -0.013420645 -0.036805827 -0.064960890 -0.038999747 0.996445894
7129.501225 1.237752557 -0.181799531 -0.016972871 -0.032901876 -0.073257074 -0.039751370 0.995977283
7129.538088 1.268177867 -0.188074604 -0.022104876 -0.030566828 -0.079524949 -0.042579129 0.995453894
7129.574952 1.296359062 -0.187957406 -0.025578992 -0.028448563 -0.082745478 -0.045504939 0.995124698
7129.611815 1.323276758 -0.189242348 -0.030510634 -0.026253572 -0.082084283 -0.048101425 0.995117664
7129.648679 1.351096272 -0.191598982 -0.035313256 -0.024533307 -0.079395473 -0.051613305 0.995203793
7129.685542 1.379031301 -0.194212466 -0.037311424 -0.023105256 -0.075291127 -0.055266853 0.995360732
7129.722406 1.405106068 -0.191753030 -0.035834465 -0.019945793 -0.069606625 -0.058367521 0.995665789
7129.759269 1.427803874 -0.193215907 -0.037459116 -0.018225266 -0.063243531 -0.060024064 0.996024728
7129.796132 1.459183693 -0.194038719 -0.037423506 -0.017850246 -0.059838265 -0.061286956 0.996164978
7129.832996 1.489203691 -0.193260521 -0.034624238 -0.017597465 -0.057550557 -0.063254230 0.996181309
7129.869859 1.517157674 -0.190065950 -0.030524923 -0.017261604 -0.056471542 -0.066006012 0.996070385
7129.906723 1.544439554 -0.189512491 -0.024580929 -0.018256392 -0.056631397 -0.069319688 0.995818436
7129.943586 1.571589351 -0.188962847 -0.019908190 -0.019466929 -0.057263825 -0.072964147 0.995498955
7129.980449 1.596369624 -0.189603075 -0.012946624 -0.024612408 -0.058106039 -0.077119924 0.995022833
7130.017313 1.624125481 -0.188107401 -0.009007040 -0.028522298 -0.059527151 -0.081662349 0.994471848
7130.054176 1.651733518 -0.191525042 -0.004678088 -0.030341119 -0.059976961 -0.083617121 0.994228542
7130.091040 1.675079823 -0.192467004 -0.001640158 -0.034043256 -0.059794247 -0.080824994 0.994350553
7130.127903 1.703080535 -0.193806887 0.002046680 -0.036477596 -0.061586894 -0.077132612 0.994448066
7130.164767 1.728382111 -0.194257140 0.004562101 -0.034461107 -0.062298041 -0.072080873 0.994854629
7130.201630 1.754248023 -0.195574284 0.007559458 -0.033138040 -0.063631617 -0.064224087 0.995353281
7130.238493 1.778418064 -0.195390299 0.010979303 -0.034376495 -0.066132940 -0.056210887 0.995633006
7130.275357 1.805783153 -0.195717067 0.015468118 -0.034641042 -0.070078366 -0.048913460 0.995739162
7130.312220 1.832158327 -0.195408106 0.018990435 -0.032457232 -0.074452765 -0.043439545 0.995749116
7130.349084 1.861708879 -0.196831793 0.023379182 -0.030569201 -0.079776026 -0.039481204 0.995561421
7130.385947 1.889760137 -0.197994992 0.028704628 -0.028192906 -0.084340103 -0.036357798 0.995374322
7130.422811 1.918613315 -0.199025005 0.033204436 -0.027206199 -0.088208251 -0.033677109 0.995160758
7130.459674 1.948184609 -0.202277839 0.035575803 -0.027507490 -0.090618618 -0.031359930 0.995011628
7130.496537 1.979707479 -0.207661822 0.039234832 -0.026506027 -0.092898995 -0.031779014 0.994815230
7130.533401 2.009989023 -0.211234793 0.043719023 -0.025513932 -0.095494039 -0.035257142 0.994478166
7130.570264 2.040577650 -0.213715419 0.047412962 -0.025736157 -0.098024093 -0.038831551 0.994093060
7130.607128 2.069936752 -0.217417017 0.049264722 -0.028778922 -0.100385770 -0.040955607 0.993688643
7130.643991 2.101707220 -0.221997887 0.051099852 -0.034105130 -0.102735780 -0.041464284 0.993258715
7130.680855 2.131482840 -0.229760990 0.053107969 -0.037547022 -0.102940999 -0.040185291 0.993165910
7130.717718 2.161422253 -0.235005841 0.054880809 -0.037164584 -0.103197448 -0.040887963 0.993125021
7130.754581 2.251747370 -0.229984254 0.079838097 -0.032488484 -0.118879735 -0.042294525 0.991475284
7130.791445 2.281405210 -0.235934258 0.084065758 -0.028299414 -0.116646633 -0.038448486 0.992025435
7130.828308 2.313473463 -0.250579447 0.091299631 -0.026853589 -0.115380257 -0.034713730 0.992351353
7130.865172 2.342019558 -0.257013589 0.095215380 -0.025531109 -0.113394916 -0.032540418 0.992688715
7130.902035 2.366056442 -0.262018710 0.098534457 -0.024504334 -0.109658681 -0.029718937 0.993222654
7130.938899 2.393302679 -0.265744835 0.104920991 -0.022936577 -0.106540762 -0.027428897 0.993665218
7130.975762 2.421592951 -0.266549826 0.113163851 -0.021223690 -0.104142025 -0.026431786 0.993984580
7131.012625 2.447837353 -0.269213051 0.121098906 -0.018746186 -0.102168851 -0.026253510 0.994243860
7131.049489 2.471915722 -0.271502614 0.129791126 -0.017000284 -0.100179218 -0.025512461 0.994496942
7131.086352 2.495807409 -0.274680465 0.139430463 -0.015425362 -0.098696575 -0.024495030 0.994696438
7131.123216 2.532283068 -0.274507970 0.160438955 -0.012738503 -0.102208093 -0.025718315 0.994348943
7131.160079 2.555631638 -0.278567195 0.171802431 -0.011191039 -0.102766283 -0.027493697 0.994262516
7131.196942 2.580228567 -0.285102159 0.183603570 -0.008507423 -0.103470318 -0.027160753 0.994225204
7131.233806 2.611331940 -0.323037416 0.187868729 -0.014639165 -0.107304133 -0.018767608 0.993941307
7131.270669 2.648501396 -0.353325635 0.181030646 -0.020068318 -0.113677450 -0.014814278 0.993204534
7131.307533 2.679227114 -0.381355315 0.185521215 -0.026172249 -0.119714551 -0.014599668 0.992355943
7131.344396 2.696409941 -0.389257371 0.195826516 -0.029448081 -0.122802787 -0.019393787 0.991804481
7131.381260 2.716104507 -0.394550204 0.207085311 -0.031190092 -0.125638708 -0.023218006 0.991313756
7131.418123 2.735656261 -0.399979800 0.216907740 -0.030735789 -0.126648247 -0.023980377 0.991181374
7131.454986 2.753337145 -0.402713180 0.228350118 -0.030765982 -0.126779780 -0.024706578 0.991145790
7131.491850 2.782366276 -0.428334147 0.226230517 -0.037731498 -0.129739657 -0.020919703 0.990609050
7131.528713 2.801153183 -0.434224933 0.236322701 -0.038347002 -0.131163999 -0.020465177 0.990407348
7131.565577 2.835735559 -0.453554600 0.237354070 -0.043976985 -0.137782559 -0.017187661 0.989336431
7131.602440 2.855912685 -0.455565095 0.250265837 -0.043830108 -0.142032951 -0.017218746 0.988741159
7131.639303 2.874210119 -0.461230934 0.258830875 -0.045547146 -0.146295786 -0.017756561 0.988032222
7131.676167 2.893753529 -0.463675678 0.269663960 -0.046367705 -0.150958449 -0.017832438 0.987291038
7131.713030 2.913666010 -0.467432171 0.279074669 -0.047143925 -0.155128822 -0.017462697 0.986614168
7131.749894 2.933901072 -0.469632596 0.289505333 -0.047567926 -0.159761637 -0.017889285 0.985846579
7131.786757 2.955383539 -0.471870571 0.299023062 -0.048016485 -0.164894417 -0.020025006 0.984938204
7131.823621 2.976217508 -0.473863333 0.306480855 -0.046495833 -0.169330463 -0.022798875 0.984197915
7131.860484 2.997371197 -0.475344628 0.314088613 -0.044489056 -0.173919842 -0.026730930 0.983391106
7131.897347 3.020784140 -0.479131162 0.320163965 -0.043333035 -0.179526031 -0.032862213 0.982248783
7131.934211 3.051338673 -0.492707789 0.321040511 -0.047007613 -0.186944872 -0.038140163 0.980503559
7131.971074 3.074053288 -0.497595549 0.326691061 -0.047773357 -0.191557676 -0.042545378 0.979394317
7132.007938 3.095634937 -0.503882587 0.330666512 -0.049175020 -0.195990577 -0.046565827 0.978264332
7132.044801 3.116077900 -0.508322477 0.337173522 -0.050800845 -0.201608092 -0.051550291 0.976788640
7132.081665 3.135357618 -0.513363779 0.342476636 -0.051153343 -0.206808388 -0.054291796 0.975533724
7132.118528 3.154667377 -0.519028664 0.349411756 -0.049134858 -0.212369323 -0.053985775 0.974459112
7132.155391 3.174223900 -0.522208154 0.357551008 -0.047946781 -0.218650490 -0.050808001 0.973299325
7132.192255 3.185611963 -0.521662474 0.366228163 -0.046789143 -0.223510966 -0.052194789 0.972177625
7132.229118 3.190869093 -0.514512897 0.365771532 -0.042511024 -0.227437571 -0.060516242 0.970980287
7132.265982 3.205923557 -0.519345701 0.374640763 -0.043732233 -0.236292452 -0.063392103 0.968625188
7132.302845 3.220840216 -0.523047090 0.384042978 -0.043613356 -0.244615287 -0.066033408 0.966385424
7132.339709 3.235002756 -0.525430501 0.393578559 -0.043814503 -0.251555681 -0.067306928 0.964504957
7132.376572 3.248539209 -0.528038740 0.403324664 -0.044890609 -0.257738709 -0.069075145 0.962696314
7132.413435 3.261273384 -0.531319916 0.414115876 -0.045562331 -0.263207912 -0.071763769 0.960986793
7132.450299 3.274019241 -0.535406113 0.426890850 -0.046076603 -0.268234193 -0.074568190 0.959357560
7132.487162 3.287386417 -0.539012194 0.440886438 -0.046188250 -0.272727102 -0.077181831 0.957877636
7132.524026 3.304162979 -0.547458172 0.466271579 -0.047584862 -0.278404772 -0.073351294 0.956475854
7132.560889 3.317497730 -0.551661730 0.479514092 -0.043929175 -0.280901641 -0.076277748 0.955691457
7132.597753 3.343997002 -0.572177649 0.513272524 -0.049171448 -0.289390504 -0.069662519 0.953405678
7132.634616 3.357711554 -0.577713788 0.526714027 -0.046153031 -0.290934712 -0.073136382 0.952826321
7132.671479 3.371629238 -0.584285498 0.541192472 -0.045621969 -0.293052614 -0.078299165 0.951792002
7132.708343 3.385549068 -0.591548145 0.555505633 -0.047696088 -0.295467347 -0.084390163 0.950422227
7132.745206 3.399735212 -0.596841812 0.571365237 -0.048902106 -0.297183216 -0.087882772 0.949509025
7132.782070 3.413117409 -0.602423191 0.584329784 -0.048552297 -0.297084153 -0.089545384 0.949402571
7132.818933 3.426611662 -0.605894983 0.596693635 -0.047602873 -0.296840876 -0.091389425 0.949351072
7132.855796 3.441288471 -0.610430062 0.609079719 -0.049032085 -0.297278583 -0.092202321 0.949062705
7132.892660 3.456148863 -0.617462039 0.621605515 -0.052960813 -0.297933489 -0.091908500 0.948674679
7132.929523 3.469301462 -0.625677824 0.633885443 -0.057449650 -0.298483133 -0.091126680 0.948316038
7132.966387 3.482448578 -0.634751797 0.647200108 -0.060708258 -0.299297184 -0.090163648 0.947948396
7133.003250 3.494585514 -0.645882070 0.659026563 -0.063171111 -0.299353838 -0.087894090 0.947982788
7133.040114 3.517018795 -0.662480235 0.672590613 -0.067662358 -0.302401453 -0.083220832 0.947126925
7133.076977 3.539547682 -0.668941140 0.692351758 -0.070185021 -0.307427794 -0.080135614 0.945590019
7133.113840 3.554931641 -0.674631357 0.706283808 -0.070406273 -0.310086906 -0.079882249 0.944726348
7133.150704 3.565582275 -0.677921832 0.718448043 -0.069474861 -0.311536461 -0.081123017 0.944212556
7133.187567 3.581311941 -0.681345761 0.731764257 -0.069052994 -0.314650953 -0.082941338 0.943052053
7133.224431 3.593433619 -0.683913052 0.744750440 -0.068507932 -0.317351431 -0.086540781 0.941862762
7133.261294 3.626034498 -0.687507570 0.781318307 -0.069409907 -0.329150975 -0.084512271 0.937923014
7133.298157 3.651883125 -0.691056788 0.805592775 -0.069705948 -0.337555468 -0.084507249 0.934909582
7133.335021 3.667328119 -0.695668995 0.819359303 -0.070863396 -0.342837721 -0.088064775 0.932569206
7133.371884 3.683040619 -0.700795293 0.832906604 -0.072787948 -0.349052608 -0.093359783 0.929595709
7133.408748 3.697042465 -0.707736731 0.845182598 -0.074452117 -0.354675472 -0.098744281 0.926774919
7133.445611 3.690456629 -0.681463897 0.846741378 -0.067892678 -0.354672045 -0.103675000 0.926741481
