1305031102.211214 -0.002874131 0.008015131 0.010955554 -0.002002614 -0.002804251 -0.002153326 0.999991775
1305031102.275326 -0.001352366 -0.001599870 0.025136093 -0.012256379 -0.005689837 0.000734486 0.999908447
1305031102.311267 0.001420016 -0.003151604 0.014372645 -0.005386434 -0.002644538 0.000898404 0.999981582
1305031102.343233 -0.000665088 0.000735196 0.011561664 -0.001880630 -0.001764197 0.001824069 0.999994993
1305031102.375329 0.000461921 0.000339623 0.012501640 -0.002101853 -0.002149488 0.000159358 0.999995470
1305031102.411258 -0.004335780 0.002971220 0.010732708 -0.001239091 -0.001337076 -0.001292305 0.999997497
1305031102.443271 -0.000747487 0.005979116 0.009853109 -0.004029362 -0.003094600 -0.000022298 0.999987066
1305031102.475318 0.001867808 -0.002285629 0.014540917 -0.008103277 -0.002545850 -0.000231534 0.999963880
1305031102.511219 0.001560345 -0.000950629 0.013647358 -0.005224090 0.000600960 -0.001161576 0.999985516
1305031102.575286 0.002318467 -0.008348959 0.028115857 -0.008492952 0.002158992 -0.002527290 0.999958396
1305031102.611233 -0.001303978 -0.003801009 0.011547651 0.002014139 0.003195547 0.001010166 0.999992371
1305031102.675285 -0.005223356 0.009297165 0.022067213 0.002757687 0.000843787 0.001480981 0.999994755
1305031102.711263 -0.000354415 -0.001398592 0.013985649 -0.001087858 -0.000252156 0.001148913 0.999998689
1305031102.743234 0.000743580 0.006407607 0.012265710 0.000449287 -0.000454812 0.001547392 0.999998569
1305031102.775472 0.002006791 -0.001743615 0.013715965 -0.002986877 0.001699439 -0.001518533 0.999992967
1305031102.811232 -0.001514165 0.002381623 0.012215693 -0.000827901 0.003811337 -0.000929108 0.999991953
1305031102.843290 0.001523992 -0.001783099 0.013842395 -0.002623194 0.002993903 -0.000713621 0.999991834
1305031102.875363 -0.003365404 0.001765470 0.011256952 0.000985516 0.004065616 -0.002367555 0.999988437
1305031102.911185 -0.001200494 0.001721552 0.011394578 0.000447524 0.001775337 -0.001282330 0.999997497
1305031102.975203 -0.014586161 0.003601539 0.020925112 -0.000050202 -0.002061741 -0.002735895 0.999994099
1305031103.011215 0.000433413 0.001339928 0.010788063 -0.001395035 -0.006681581 0.002656873 0.999973178
1305031103.043227 -0.000129320 0.001997088 0.011217866 -0.001635092 -0.006206539 0.002427649 0.999976456
1305031103.075319 0.005588179 -0.001341267 0.011767680 -0.000585322 -0.004932962 0.002797747 0.999983728
1305031103.111240 -0.001274616 0.006798564 0.008396711 0.002761232 0.000984025 0.000691346 0.999995470
1305031103.143318 0.001599236 0.000276832 0.009977054 -0.002340135 -0.000666262 0.001773305 0.999995470
1305031103.175452 -0.000261301 0.005926823 0.007955135 0.000902879 0.001647664 -0.000000767 0.999998212
1305031103.243216 -0.001144488 0.007824187 0.015836384 -0.010669230 0.000591424 0.004840999 0.999931216
1305031103.275370 -0.005277012 0.000446083 0.006346555 -0.009566624 -0.001192630 0.003820063 0.999946237
1305031103.311210 0.001438344 -0.006608637 0.006008852 -0.008684305 -0.009906181 0.000409902 0.999913156
1305031103.343223 0.007132165 0.002070825 0.003183072 0.000131291 -0.006439983 0.000164260 0.999979258
1305031103.375327 0.001974304 -0.001481046 0.001046033 -0.003921011 0.000600178 0.001969912 0.999990165
1305031103.411260 -0.001668051 -0.004900467 -0.002057062 -0.002970690 0.000910684 0.001131326 0.999994516
1305031103.443280 -0.001946475 -0.000713548 -0.004324158 0.000351840 -0.001761413 -0.000743697 0.999998093
1305031103.475274 0.000566545 -0.004138185 -0.004572849 -0.000802859 -0.002965243 -0.001848418 0.999993563
1305031103.511333 -0.000992020 -0.003893642 -0.006808982 0.001800151 -0.001037256 -0.002592958 0.999994457
1305031103.543444 -0.000624537 -0.004515126 -0.008297381 0.003172387 -0.001141393 -0.002198613 0.999991894
1305031103.575474 -0.002273995 -0.000489697 -0.010668516 0.004783568 -0.000942743 0.000166925 0.999988079
1305031103.611223 -0.001690742 -0.003178716 -0.009880813 0.001932568 -0.003032462 0.001170930 0.999992847
1305031103.643445 -0.000195454 -0.002858670 -0.011058751 0.002570521 -0.004391999 0.000128889 0.999987066
1305031103.675523 0.000413450 -0.002280820 -0.012114675 0.002677839 -0.002683371 -0.000241885 0.999992788
1305031103.711610 0.000697283 -0.001802563 -0.012349023 0.002529608 -0.001321304 -0.000385754 0.999995828
1305031103.743326 0.000825785 -0.005442507 -0.012239643 0.001328428 -0.000259514 -0.000855731 0.999998689
1305031103.775342 -0.000966616 0.000516657 -0.015210878 0.003845279 0.000726163 -0.003429772 0.999986470
1305031103.811242 -0.001021203 0.000637805 -0.014150095 0.000259223 0.001516212 -0.003145161 0.999993861
1305031103.843251 -0.005195804 0.002265127 -0.015116449 -0.002310743 0.001869109 -0.002204107 0.999993145
1305031103.875361 -0.001537044 -0.013426407 -0.010654043 -0.010094393 -0.003101383 -0.002178007 0.999941885
1305031103.911221 -0.000108099 -0.004477896 -0.013782440 0.000655904 -0.004051408 -0.001486586 0.999990463
1305031103.943211 -0.000175860 -0.000462063 -0.015134931 0.002351782 -0.002787429 -0.001140905 0.999992728
1305031103.975373 0.000366144 -0.004797363 -0.013891484 0.000941538 -0.002018296 -0.001326799 0.999996662
1305031104.011232 0.004773795 -0.006250693 -0.012232393 0.002684076 -0.001833604 -0.000910808 0.999994278
1305031104.043249 0.001254650 0.000435228 -0.015590271 0.007834544 0.002926063 -0.002107408 0.999962807
1305031104.075425 0.000272071 0.002670507 -0.014689333 0.004895748 0.004739895 -0.002827628 0.999972761
1305031104.111235 0.002819172 -0.005958903 -0.011802051 0.001771457 0.005029922 -0.001186785 0.999985099
1305031104.143230 -0.003105826 -0.002796682 -0.014723115 0.004638775 0.006693894 -0.001124801 0.999966204
1305031104.175424 -0.001450690 -0.001384118 -0.014654048 0.004116165 0.003472095 -0.000950237 0.999985039
1305031104.211283 -0.000591594 -0.003824066 -0.012874215 0.003621171 0.002698469 0.000164480 0.999989808
1305031104.243196 -0.000444543 -0.001268185 -0.013065408 0.004705847 0.002410794 -0.000140443 0.999985993
1305031104.275546 -0.000353391 -0.000471712 -0.012559544 0.004678789 0.002774339 -0.001053400 0.999984622
1305031104.311219 0.000621269 -0.000338761 -0.011111757 0.003912447 0.003064888 -0.000006550 0.999987662
1305031104.343342 0.001174489 0.000520026 -0.011589608 0.003419213 0.003823050 -0.000415414 0.999986768
1305031104.375837 -0.000849579 -0.000762607 -0.011044499 0.001766714 0.005058927 0.000326043 0.999985576
1305031104.411509 -0.003130654 -0.000688803 -0.010990453 0.001392503 0.004552327 0.000357124 0.999988616
1305031104.443288 -0.004410213 0.001194882 -0.010754503 0.001018736 0.002329157 0.000556557 0.999996603
1305031104.475456 -0.004277667 -0.001468201 -0.009700383 -0.000447274 -0.000465177 0.000777128 0.999999464
1305031104.511329 -0.000453620 -0.003980821 -0.008063498 0.000126852 -0.002807333 0.001588324 0.999994814
1305031104.543368 0.002873364 -0.001653611 -0.008905448 0.003273091 -0.002880338 0.000763349 0.999990225
1305031104.575343 0.004666201 -0.005461016 -0.008795451 0.003341508 -0.000733529 0.000444906 0.999994040
1305031104.611336 0.005925302 -0.007157947 -0.007391362 0.008431978 0.003279596 0.000770193 0.999958754
1305031104.643243 0.001662363 0.002508657 -0.012877728 0.013079111 0.007634976 -0.000399352 0.999885261
1305031104.675525 0.001379523 -0.004571896 -0.009100602 0.010638764 0.008022518 0.000818355 0.999910891
1305031104.711277 0.000306068 -0.002752270 -0.011199630 0.013411353 0.007600440 0.001682346 0.999879777
1305031104.743280 0.002942820 0.000603243 -0.011081801 0.013611907 0.006803317 0.001697000 0.999882758
1305031104.775327 -0.000090142 0.000890742 -0.009728963 0.012649118 0.007590272 0.001407882 0.999890208
1305031104.811465 0.004187360 0.003952440 -0.007721430 0.011823830 0.005960276 0.002766906 0.999908507
1305031104.843258 -0.001430655 0.002895690 -0.007980463 0.009079430 0.007474587 0.001955583 0.999928951
1305031104.875350 -0.005195041 0.006343977 -0.006199676 0.006753149 0.004587796 0.002183291 0.999964297
1305031104.911534 0.002209891 0.002995807 -0.001881220 0.002451001 0.000726475 0.002487394 0.999993622
1305031104.943262 -0.000812431 0.001821842 0.000083340 0.000979697 0.001116597 0.000468881 0.999998808
1305031104.975202 -0.002027824 0.007201042 0.001410582 0.000007226 -0.000345167 0.000613001 0.999999762
1305031105.011290 0.000324536 0.003281556 0.005877203 -0.004914379 -0.000560319 0.000440060 0.999987662
1305031105.043373 -0.000754809 0.003325462 0.007714830 -0.005846018 -0.000707160 -0.001408913 0.999981642
1305031105.075320 -0.000568420 0.002411301 0.009990617 -0.007163357 -0.001040542 -0.001858480 0.999972045
1305031105.111299 -0.002280202 -0.001765455 0.011403973 -0.006907471 -0.000960199 -0.001410957 0.999974668
1305031105.143106 -0.006787486 0.008281969 0.009365704 -0.005308526 -0.001731900 -0.003145414 0.999979436
1305031105.175159 -0.004958373 0.007172090 0.013940873 -0.012428429 -0.002826160 -0.003551586 0.999912441
1305031105.211268 -0.002854056 -0.006932725 0.016105140 -0.014720155 -0.004281329 -0.001444745 0.999881446
1305031105.243270 -0.004089352 0.002289632 0.013604244 -0.008641905 -0.005377195 -0.001810175 0.999946535
1305031105.275288 -0.003515143 0.001875055 0.014650276 -0.010851948 -0.006513092 -0.001349632 0.999918997
1305031105.311290 -0.000957735 -0.001897989 0.017522288 -0.011242329 -0.008153190 -0.000266017 0.999903560
1305031105.343302 -0.000009047 -0.001920221 0.017673910 -0.009074463 -0.007430857 0.000208654 0.999931216
1305031105.375338 0.000170131 -0.002457909 0.015051342 -0.004795525 -0.005664710 0.001071245 0.999971867
1305031105.411286 -0.002340050 0.005345339 0.012073120 -0.004717315 -0.004287025 -0.001392877 0.999978721
1305031105.443316 0.000014501 -0.003952129 0.016769612 -0.007940409 -0.004420270 -0.000387039 0.999958634
1305031105.475280 -0.001252244 -0.000433102 0.013504232 -0.003920682 -0.003113183 -0.000117575 0.999987483
1305031105.511332 0.001077535 0.002582834 0.014412750 -0.004144721 -0.003064117 0.000075848 0.999986708
1305031105.543282 0.001094757 -0.003043772 0.015998758 -0.005247436 -0.001206578 0.001347821 0.999984562
1305031105.575449 -0.001295499 0.001175092 0.013728380 -0.002686320 -0.000932306 -0.000109313 0.999995947
1305031105.611378 0.002327366 -0.003592927 0.015549858 -0.003869674 -0.001592195 0.001025949 0.999990702
1305031105.643273 -0.001726145 0.000595185 0.014272897 -0.000523249 0.000080550 0.002821878 0.999995887
1305031105.711309 0.011585995 -0.002971028 0.030770997 -0.002518919 -0.001982451 0.001600422 0.999993563
1305031105.743312 0.000976916 0.005432819 0.012802590 0.002798951 0.004037305 0.000355798 0.999987841
1305031105.775339 0.003587448 -0.002129590 0.016247068 -0.001486232 0.003987030 0.000114298 0.999990940
1305031105.811283 -0.000404038 0.000810063 0.014372453 0.001420636 0.005500148 0.000984403 0.999983370
1305031105.843271 0.003779589 0.001035760 0.014909957 0.001286726 0.002696175 0.001212346 0.999994814
1305031105.875337 0.001453961 0.006550440 0.012819098 0.001762619 0.005057462 0.002500899 0.999982536
1305031105.911262 -0.000277463 0.001636775 0.013828987 -0.003125593 0.004453122 0.004566977 0.999974787
1305031105.943272 0.000633169 0.004398572 0.013094082 -0.002182155 0.003188784 0.002673389 0.999988973
1305031105.975329 -0.000352896 0.002979646 0.013418132 -0.004522949 0.002285195 0.001622347 0.999985814
1305031106.011285 0.001759566 0.002329207 0.012820284 -0.004678634 0.001602468 0.001800271 0.999986172
1305031106.043355 -0.002391641 0.001996991 0.012509668 -0.004868022 0.003065736 0.001027291 0.999982893
1305031106.075330 -0.001700980 0.003396518 0.012139870 -0.003675805 0.001176310 0.001531431 0.999991357
1305031106.111327 -0.002224028 0.005414218 0.011297908 -0.004377337 0.000629527 0.000815634 0.999989867
1305031106.143355 -0.002266854 -0.000260612 0.012283765 -0.007874314 -0.001296853 0.001828986 0.999966502
1305031106.175534 -0.000807969 0.000945900 0.010315100 -0.004156912 -0.001689763 0.001000091 0.999989450
1305031106.211275 -0.001029498 -0.001827178 0.010297650 -0.004358770 -0.001523093 0.000247508 0.999989331
1305031106.243267 -0.001311238 0.002264776 0.007509191 0.000197173 -0.001458374 0.003418921 0.999993086
1305031106.276385 -0.000437427 0.005124849 0.006405597 -0.000223942 -0.001873979 0.000681909 0.999997973
1305031106.311238 0.000004912 0.002419579 0.005623114 -0.003663787 -0.001424822 0.003325161 0.999986768
1305031106.343258 -0.000672121 0.007285128 0.004362268 -0.003586534 -0.001159168 0.000068582 0.999992907
1305031106.375388 0.002933207 0.000168099 0.003614686 -0.009377417 -0.000170931 -0.007471981 0.999928117
1305031106.411320 -0.000208494 -0.006161560 0.001456930 -0.007569657 0.006095785 -0.004611125 0.999942124
1305031106.443278 -0.002829318 -0.002227776 -0.001747808 -0.000913621 0.004637239 -0.003937182 0.999981046
1305031106.475345 -0.003349572 -0.001840718 -0.004588994 -0.000016390 0.000477741 -0.001555177 0.999998689
1305031106.511129 -0.002083963 -0.004042160 -0.006372692 0.000520356 -0.002766787 -0.000555328 0.999995887
1305031106.543302 0.000852384 -0.000467409 -0.009131989 0.003719778 -0.004403762 -0.001924698 0.999981523
1305031106.575282 0.000170195 -0.000010685 -0.010937110 0.003433135 -0.001892299 -0.001390786 0.999991357
1305031106.611151 -0.000732913 0.001291686 -0.010979222 0.000880430 -0.002898731 -0.003185706 0.999990344
1305031106.643207 -0.000732836 -0.006500222 -0.011946504 -0.001959217 -0.002298105 -0.002446546 0.999992430
1305031106.675279 -0.002820254 0.001659972 -0.014153400 0.003106524 -0.002324770 -0.000335044 0.999992430
1305031106.711508 -0.001250306 -0.003666498 -0.012150899 -0.003042332 -0.005886575 -0.000898287 0.999977648
1305031106.743341 -0.000987917 -0.000535690 -0.015253765 0.001858783 -0.006454858 -0.000451693 0.999977350
1305031106.775390 0.001234050 -0.000220752 -0.015034372 0.001253574 -0.006549245 -0.000624636 0.999977589
1305031106.811289 0.000069404 0.002911794 -0.015900964 0.000890821 -0.004215127 -0.000709715 0.999990463
1305031106.843416 0.000095721 -0.008399142 -0.014354639 -0.003143926 -0.004365742 -0.001247848 0.999984741
1305031106.875905 0.002760054 -0.001548175 -0.016438169 0.005639894 -0.003366096 -0.003909171 0.999970794
1305031106.911243 -0.001836203 0.005957352 -0.018496897 0.005866852 0.001459958 -0.004810724 0.999970138
1305031106.943439 0.000283041 -0.006368601 -0.014400264 -0.000151729 0.000743879 -0.003977743 0.999991775
1305031106.975547 0.000198501 -0.005491924 -0.016520342 0.004759112 0.002085952 -0.003173518 0.999981463
1305031107.011576 -0.003686958 0.009243391 -0.022375211 0.009818609 0.004430337 -0.004328929 0.999932587
1305031107.043281 -0.000466866 -0.005458171 -0.014333067 -0.001729361 0.002368861 -0.001757277 0.999994159
1305031107.075432 -0.002652956 -0.006612264 -0.017078115 0.003068586 0.001425703 -0.000691227 0.999994040
1305031107.111229 -0.000332326 0.003405563 -0.017137401 0.006230948 -0.000642941 -0.000903190 0.999979973
1305031107.143260 0.001607595 0.001126476 -0.014824894 0.001993292 0.000580568 0.000067270 0.999997854
1305031107.175399 0.000740000 -0.007968797 -0.012154485 0.000227344 0.001387554 -0.000817771 0.999998689
1305031107.211358 0.003000119 -0.004181515 -0.013028890 0.005574312 0.001544097 -0.001413209 0.999982238
1305031107.243378 -0.000092754 0.001391819 -0.014808189 0.006753149 0.003631638 -0.000356756 0.999970555
1305031107.275398 0.003063201 -0.003687614 -0.011220679 0.004786859 0.002707942 0.000207608 0.999984860
1305031107.311226 0.001264661 -0.004339946 -0.010415075 0.006520603 0.003609945 -0.000762799 0.999971926
1305031107.343509 0.005789895 -0.004724535 -0.010532213 0.010145993 0.002386246 0.000271743 0.999945641
1305031107.375413 0.000625451 0.007443879 -0.012602402 0.011629273 0.005602435 0.000038373 0.999916673
1305031107.411271 0.002442135 -0.000781019 -0.007943830 0.006408262 0.004667887 -0.000945927 0.999968112
1305031107.443419 0.002457408 0.002650855 -0.007131732 0.005964911 0.004590279 0.000136926 0.999971628
1305031107.475377 0.002897781 -0.000439636 -0.003842932 0.002874211 0.004412366 0.001120812 0.999985516
1305031107.511352 0.000709666 0.005486820 -0.004282967 0.002757391 0.004048111 0.000287265 0.999987960
1305031107.543605 0.002865631 0.000277244 0.000926531 -0.002560169 0.002392415 0.001821950 0.999992192
1305031107.575454 0.002649432 -0.004291388 0.001922823 -0.001297973 0.001957001 0.002940757 0.999992907
1305031107.611271 0.001472652 0.007827326 -0.000335894 0.002176210 0.001460065 0.001558417 0.999995351
1305031107.643323 0.000074558 0.000131326 0.002004840 -0.003723031 0.001676921 0.000864524 0.999991298
1305031107.675568 -0.000836958 -0.000570265 0.001941214 -0.001652862 0.000745969 0.000610288 0.999998152
1305031107.711307 -0.001421717 0.004239354 0.001391594 -0.000652276 0.000107577 0.000994845 0.999999285
1305031107.743538 -0.003006650 0.004525854 0.001516804 -0.002555222 -0.000676569 0.000557976 0.999996364
1305031107.775802 0.000554769 -0.001826696 0.003034741 -0.003560762 -0.003065217 -0.001085685 0.999988377
1305031107.811596 0.001721143 0.002462348 0.002071714 -0.001833737 -0.002389036 0.000085288 0.999995470
1305031107.843332 0.003194130 0.000434954 0.002348739 -0.002890397 -0.001155832 -0.000347420 0.999995112
1305031107.875358 0.006378090 -0.002822021 0.003833287 -0.001531092 -0.000207127 -0.003111012 0.999993980
1305031107.911541 0.002800655 -0.000129529 0.002221752 0.000814485 0.003163405 -0.002318409 0.999991953
1305031107.943122 0.005931317 -0.001284649 0.002578678 0.001516805 0.003027892 -0.000279514 0.999994218
1305031107.975807 0.006998070 -0.000492908 0.003009112 0.002284219 0.004164847 0.000361715 0.999988675
1305031108.011320 0.010034203 0.000232236 0.002317870 0.003728213 0.004173048 -0.001958497 0.999982417
1305031108.043418 0.009828761 0.003077402 0.001859939 0.002761876 0.007209127 0.001958811 0.999968290
1305031108.075352 0.010691713 -0.000406098 0.005297727 0.000612360 0.009315217 0.005655708 0.999940455
1305031108.111378 0.005146257 -0.001560978 0.003217435 0.002206577 0.007381776 -0.000228326 0.999970317
1305031108.143334 0.010875561 0.002862023 0.002546823 0.002421160 0.003645872 0.000971360 0.999989927
1305031108.176058 0.010356791 0.005108913 0.002283470 -0.001126321 0.003732056 0.003131586 0.999987483
1305031108.211475 0.011955513 -0.001626656 0.006562120 -0.005463731 0.001093458 -0.000764305 0.999984205
1305031108.243347 0.014819170 -0.004017558 0.010150331 -0.001684518 0.002391854 -0.001611471 0.999994397
1305031108.275358 0.007726013 0.005868472 0.000579116 0.001418246 0.005588400 0.000165709 0.999983370
1305031108.311332 0.004607507 0.004103566 0.003197793 -0.003368699 0.002952008 0.000884475 0.999989569
1305031108.343278 0.007763425 0.002206353 0.005758314 -0.005589650 -0.000749302 0.001768789 0.999982536
1305031108.375410 0.006742900 0.000674777 0.004832665 -0.006020166 -0.001790776 0.004890862 0.999968290
1305031108.411361 0.013019409 -0.000320194 0.005906011 -0.005720451 -0.004512026 0.006039561 0.999955237
1305031108.443610 0.013226016 0.001769025 0.004893645 -0.004442656 -0.001807910 0.006366504 0.999968231
1305031108.475471 0.014147420 -0.003390346 0.005833016 -0.004148121 -0.001359461 0.006838681 0.999967098
1305031108.511378 0.019063296 -0.004344621 0.006544387 -0.000653257 0.000961257 0.004590372 0.999988794
1305031108.543737 0.012134227 0.000024934 0.004965832 0.005192272 0.007223503 -0.000772442 0.999960124
1305031108.575414 0.006212228 0.005037013 -0.002530657 0.004912158 0.006985952 -0.001847407 0.999961853
1305031108.611407 0.012162675 0.000033712 0.005600526 -0.000311219 0.006258980 0.000925408 0.999979913
1305031108.643303 0.006950645 0.002349378 0.000283167 0.000527810 0.007390219 0.001659465 0.999971151
1305031108.675375 0.014502064 0.003470458 0.003492775 -0.002256965 0.004590895 0.003385505 0.999981165
1305031108.711411 0.006917438 -0.003277445 0.006629544 -0.005172750 0.008965226 0.003974110 0.999938548
1305031108.743502 0.004999141 -0.001177529 0.004182782 -0.001456114 0.006398589 0.001022338 0.999977946
1305031108.775493 0.006619256 0.000785497 0.001738004 -0.001073735 0.004376616 0.002448948 0.999986827
1305031108.811244 0.002222249 -0.002728675 0.000635045 -0.002858620 0.004241412 0.005306853 0.999972820
1305031108.843264 0.002975737 -0.002943530 -0.000504602 -0.000327966 -0.000098422 0.006616456 0.999978065
1305031108.876515 0.001141464 -0.000021112 -0.002202257 0.001424198 -0.002925411 0.006142079 0.999975860
1305031108.911364 0.001171264 -0.004796279 -0.000218152 0.000906398 -0.003793020 0.005325275 0.999978244
1305031108.943243 -0.002506199 -0.001009741 -0.004932738 0.004792562 -0.003456777 0.001774507 0.999980986
1305031108.975268 0.000135761 0.007063230 -0.007741373 0.005705737 -0.007422377 -0.001417965 0.999955177
1305031109.011269 0.003423620 0.000857109 -0.001861858 -0.000357943 -0.005955959 -0.001358879 0.999981284
1305031109.043277 -0.006781904 -0.001021869 -0.004073739 0.000704483 -0.000753212 -0.002558006 0.999996185
1305031109.075410 -0.005949948 0.006012831 -0.006587857 0.000216433 -0.003056357 -0.005160082 0.999981999
1305031109.111282 -0.006399242 -0.001572961 -0.000733962 -0.004384564 -0.001865718 -0.002792713 0.999984741
1305031109.143334 -0.015274743 -0.002678621 -0.003280739 -0.001524377 -0.001579698 -0.003504592 0.999991417
1305031109.175464 -0.007128360 0.005742843 -0.004371149 0.001184604 -0.007908133 -0.003203159 0.999962866
1305031109.211379 -0.001770503 0.009405837 -0.004746031 -0.003059720 -0.007894366 0.002562813 0.999960840
1305031109.243290 -0.011313192 -0.003417425 0.000169495 -0.010695407 -0.002776775 0.004668605 0.999928057
1305031109.275308 -0.015828790 -0.011568287 0.000438594 -0.006183873 -0.003766964 0.001798766 0.999972165
1305031109.311329 -0.012457424 0.005630297 -0.005840005 0.003108804 -0.009587896 0.001068485 0.999948621
1305031109.343248 -0.011305754 0.004083683 -0.004520576 -0.002901830 -0.010525894 -0.001276900 0.999939561
1305031109.375397 -0.004923395 -0.003255793 0.002910768 -0.004168594 -0.011886784 -0.002093641 0.999918461
1305031109.411329 -0.003726608 0.001541481 -0.004023157 -0.000831465 -0.010853242 -0.004407839 0.999931037
1305031109.443302 -0.006770357 0.001713927 -0.001568880 -0.003868809 -0.007324296 -0.005807775 0.999948800
1305031109.475363 -0.011432793 -0.002531497 -0.000012186 -0.003641971 -0.002572272 -0.003369728 0.999984384
1305031109.511273 -0.011802405 -0.002635540 -0.000290466 -0.000490137 -0.002889257 -0.004458796 0.999985754
1305031109.543294 -0.008814055 -0.001707673 -0.002977194 0.001652529 -0.003441949 -0.002933731 0.999988437
1305031109.575362 -0.010570285 0.002403635 -0.001964717 0.000644971 -0.001492196 -0.000433160 0.999998569
1305031109.611310 -0.011914722 0.000223135 -0.002312658 -0.000477262 -0.002141322 -0.002487824 0.999994516
1305031109.643229 -0.007173734 0.000083709 -0.001611649 -0.001339802 -0.003123936 -0.000627634 0.999994040
1305031109.675263 -0.012171987 0.002012879 -0.001527406 -0.002402844 -0.001035586 0.002426876 0.999993622
1305031109.711312 -0.010910853 0.002685718 -0.002079020 -0.002632834 -0.003895980 -0.000839611 0.999988616
1305031109.743274 -0.010489766 0.000170109 0.003023157 -0.004930207 -0.004025425 -0.000588189 0.999979556
1305031109.775277 -0.007074901 -0.001875230 0.004152633 -0.003987434 -0.003918329 0.000514031 0.999984264
1305031109.811371 -0.013225543 0.002522550 -0.000680013 -0.001867769 -0.001013399 -0.001200330 0.999997020
1305031109.843296 -0.012696432 0.000906155 0.002847680 -0.003572416 -0.002828797 -0.000678808 0.999989390
1305031109.875306 -0.016838342 0.001915669 0.002895446 -0.003411293 -0.002421276 -0.002136877 0.999988973
1305031109.911265 -0.012804766 -0.004004700 0.004979799 -0.002670011 -0.005814815 -0.004865299 0.999967694
1305031109.943299 -0.009957952 0.009800984 0.003510335 0.000854948 -0.003841801 -0.003845342 0.999984860
1305031109.975258 -0.013138448 -0.002741784 0.005401019 -0.005459240 -0.002214284 -0.004943479 0.999970436
1305031110.011256 -0.010974479 0.000526520 0.003918037 -0.002407159 -0.002812766 -0.006897183 0.999969363
1305031110.043299 -0.011442980 0.000119562 0.004294418 -0.002626729 -0.001077805 -0.006873316 0.999972343
1305031110.075319 -0.013628174 0.000435300 0.001530902 -0.002331182 0.000254412 -0.005121493 0.999984145
1305031110.111325 -0.015514153 -0.000422927 0.004161155 -0.004786118 -0.000602320 -0.004578641 0.999977887
1305031110.143432 -0.010867748 -0.006477772 0.002649870 -0.002804155 -0.003994697 -0.003155223 0.999983132
1305031110.175641 -0.009569434 0.007342967 0.001281901 0.000662692 -0.004192800 -0.001688773 0.999989569
1305031110.211637 -0.010618298 -0.004291836 0.003759285 -0.004865428 -0.003528126 -0.001257164 0.999981165
1305031110.243323 -0.010017060 -0.004140745 0.002478106 -0.001253951 -0.004704378 0.000202442 0.999988139
1305031110.279321 -0.006939069 -0.001114469 0.001731587 0.001687341 -0.004774121 -0.000975875 0.999986708
1305031110.311404 -0.014160621 0.000023952 -0.000909101 0.002720501 -0.001835188 -0.002083954 0.999992430
1305031110.343355 -0.010881271 0.002801616 0.000347228 0.001959968 -0.004679416 -0.001405443 0.999986112
1305031110.379281 -0.012221416 -0.000605980 0.000900446 0.000852363 -0.005107864 -0.003831969 0.999979258
1305031110.411469 -0.011266073 0.005168761 -0.001949762 0.001454236 -0.006480543 -0.002816160 0.999973953
1305031110.443260 -0.008817248 0.000345822 0.002655475 -0.004509149 -0.006852552 -0.003053294 0.999961674
1305031110.479331 -0.012687009 -0.004243971 0.003836363 -0.003686563 -0.006223449 -0.005835503 0.999956787
1305031110.511429 -0.011084551 -0.000422119 0.001431364 -0.000381862 -0.007414345 -0.004121382 0.999963939
1305031110.543408 -0.010170309 0.004321524 0.000419835 -0.000467527 -0.006596026 -0.003784192 0.999970973
1305031110.579426 -0.007922942 0.003196887 0.002081566 -0.003784009 -0.006716712 -0.004688371 0.999959290
1305031110.611307 -0.004725077 -0.005341693 0.005840549 -0.005072957 -0.005151498 -0.002867043 0.999969780
1305031110.643418 -0.008032410 -0.003466962 0.001173940 0.000687944 -0.002119627 -0.003305483 0.999992073
1305031110.679606 -0.007824534 0.007254418 -0.001415332 0.001960375 -0.002254229 -0.002616912 0.999992132
1305031110.711412 -0.004968396 -0.003201756 0.003395009 -0.004165654 -0.002416111 -0.000972961 0.999987900
1305031110.743249 -0.004927041 -0.002272189 0.001257064 -0.000838206 -0.001789379 -0.001464626 0.999996960
1305031110.779193 -0.002125919 0.001913764 0.000235202 0.000724886 -0.002283436 -0.000683891 0.999996901
1305031110.811386 -0.003343256 -0.000018293 0.001039373 -0.000832014 -0.000046190 -0.001709848 0.999998212
1305031110.843218 -0.003960977 -0.001161885 0.001287718 -0.001880952 -0.001367429 -0.001819556 0.999995649
1305031110.879313 0.002730537 0.000080771 0.000257745 0.000248126 -0.003194179 0.000262591 0.999994814
1305031110.911333 0.000600232 0.001110260 -0.000033903 -0.000469869 -0.001267839 -0.000900908 0.999998689
1305031110.943862 0.006105226 0.000861961 0.000030450 0.000252183 -0.003419350 -0.000981713 0.999993622
1305031110.979345 0.010629298 0.004571466 -0.001929986 0.000744883 -0.001163654 0.000108257 0.999999046
1305031111.011431 0.008301170 -0.000114005 0.001105110 -0.001998894 0.004066341 0.001834650 0.999988019
1305031111.043327 0.003088684 -0.000522743 -0.003401226 0.000135789 0.006800493 0.002442256 0.999973893
1305031111.079283 0.003908100 0.003346889 -0.001758151 -0.001378172 0.003590410 0.002239729 0.999990106
1305031111.111508 0.009951141 -0.002714006 0.002010909 -0.002149542 0.001660727 0.003614340 0.999989748
1305031111.143257 0.009707485 -0.000368831 -0.000506797 0.001545732 0.002405123 0.001043366 0.999995351
1305031111.179326 0.010227455 0.002911437 -0.000669100 0.002951066 0.004712722 0.000006629 0.999984562
1305031111.211433 0.005086557 0.001476150 -0.004642857 0.001310698 0.010403390 0.003323538 0.999939501
1305031111.243236 0.004791761 -0.002951018 -0.001398670 -0.000410491 0.004739042 0.000897371 0.999988258
1305031111.279308 0.010451325 -0.000250774 -0.001554013 0.004216719 0.002946732 0.001486546 0.999985635
1305031111.311547 0.001730229 0.007261598 -0.006218747 0.004954169 0.008051168 0.002643846 0.999951839
1305031111.343397 0.005058457 0.000801407 0.000456877 -0.003661233 -0.001508908 -0.000223796 0.999992132
1305031111.379134 0.020785926 -0.008668738 0.000898843 -0.001603569 -0.005259409 0.004032403 0.999976754
1305031111.411296 0.002336657 0.006580047 -0.004449158 0.006660162 0.002271527 -0.001143006 0.999974608
1305031111.443386 0.018963262 0.003121247 0.001490028 0.000393038 -0.006868293 -0.005025341 0.999963701
1305031111.479259 0.019808499 0.000116559 -0.000295774 0.003238558 0.005921697 0.000776805 0.999976933
1305031111.511264 0.006613439 0.001140716 -0.003244913 0.003863525 0.013312909 0.000345638 0.999903858
1305031111.543250 0.008170017 -0.000945789 -0.000289472 0.003489994 0.009261712 0.001064896 0.999950469
1305031111.579237 0.006800679 0.006657509 -0.007155384 0.005255021 0.012163041 0.005653980 0.999896228
1305031111.611271 0.004019715 -0.000726013 -0.001211570 -0.001079164 0.005901357 0.006140180 0.999963164
1305031111.643395 0.013949718 -0.006638931 0.000257038 0.002127344 -0.000344341 0.006717192 0.999975085
1305031111.679320 0.016456613 0.013002189 -0.004182674 0.009434124 0.006793192 0.007652639 0.999903142
1305031111.711760 0.010171232 0.000847143 0.002445048 0.000739651 0.009636761 0.001432828 0.999952257
1305031111.743386 0.014146983 -0.000544038 0.001288176 0.004552757 0.012980212 0.003939889 0.999897659
1305031111.779423 0.009120486 0.008243474 -0.000669523 0.005894901 0.019616142 0.004606527 0.999779582
1305031111.811406 0.004592441 -0.001498316 0.002599934 0.002405184 0.016507303 0.001014407 0.999860346
1305031111.843299 0.011550065 0.001348127 -0.003751585 0.003810284 0.010477167 0.001983325 0.999935865
1305031111.879442 0.004475514 0.003058610 -0.000449069 0.000503521 0.009296509 0.004163895 0.999947965
1305031111.911354 0.003387336 -0.006003791 0.000525606 -0.000934465 0.002323290 0.005913510 0.999979377
1305031111.943300 0.014889856 0.001545829 -0.000077102 0.002353601 -0.004501439 0.008686249 0.999949336
1305031111.979449 0.028259359 0.001531192 0.003163671 0.001420158 -0.003787135 0.007902746 0.999960601
1305031112.011433 0.014906335 -0.001100792 0.003812067 0.002116813 0.007019416 0.000432415 0.999972999
1305031112.043270 0.011968615 0.001791351 0.001016152 0.004700303 0.009128232 -0.001465272 0.999946237
1305031112.079339 0.012946065 0.000022433 0.000531055 0.002429747 0.012223576 0.000435383 0.999922216
1305031112.111423 -0.003577333 0.003544178 -0.001546772 0.004706788 0.014385352 -0.004744859 0.999874175
1305031112.144342 0.015160834 0.000059094 0.000202930 0.000448880 0.004989734 -0.004937740 0.999975264
1305031112.179390 0.014601511 -0.000977162 0.001927012 -0.002370409 0.012631697 -0.002479578 0.999914348
1305031112.211254 0.002372682 -0.004977634 0.006378348 -0.000394134 0.013900447 -0.004775900 0.999891877
1305031112.243369 0.009313986 -0.002940706 0.002258150 0.005732340 0.010949271 -0.003291770 0.999918222
1305031112.279353 0.005100253 -0.001393043 -0.000023972 0.005033673 0.008727121 -0.002432155 0.999946296
1305031112.311312 0.009853581 -0.007630291 0.003906152 0.003525235 0.002891571 -0.000384613 0.999989510
1305031112.343323 0.011410189 -0.001337806 0.000461577 0.005861701 0.000371336 0.002072593 0.999980569
1305031112.379360 0.010495914 -0.000137653 0.001188565 0.003682230 -0.001369640 0.004445911 0.999982417
1305031112.411442 0.013620022 0.000826462 0.001851808 0.002361028 -0.003200302 0.004415816 0.999982357
1305031112.443391 0.012567552 -0.002398272 0.003248536 0.001163556 -0.001379668 0.006638201 0.999976337
1305031112.479418 0.005869237 0.000648201 0.000379890 0.002719841 0.000137206 0.009990811 0.999946356
1305031112.511504 0.007577728 -0.001319475 0.001762508 0.001234828 -0.002973201 0.007897526 0.999963641
1305031112.543212 0.010987208 -0.001415362 0.000898638 0.001902268 -0.003877550 0.004327749 0.999981284
1305031112.579252 0.009068776 0.001174041 0.000788879 0.002067628 -0.003273133 0.005837248 0.999975443
1305031112.611261 0.020004835 0.002976929 -0.000307533 0.000695977 -0.003679815 0.006852329 0.999969482
1305031112.643246 0.009773881 -0.000662780 0.002396859 -0.003210181 0.005727416 0.007051144 0.999953568
1305031112.679952 0.002493058 -0.000934215 0.002606122 -0.002083014 0.007052405 0.003531588 0.999966741
1305031112.711251 0.002459998 0.001553580 0.000386581 -0.001604228 0.004701352 0.001579456 0.999986410
1305031112.743245 0.003726837 0.008244594 -0.002155051 -0.002526621 0.003136010 0.003566033 0.999985516
1305031112.779310 -0.002140788 -0.005859790 0.003132562 -0.009732397 0.005061714 0.002056106 0.999937713
1305031112.811310 -0.003383178 -0.003641240 -0.001803457 -0.002814921 0.000109200 0.000745056 0.999995768
1305031112.843286 -0.004118892 0.006079591 -0.000156972 -0.000974024 -0.004730267 -0.002767521 0.999984503
1305031112.879421 -0.001029543 0.000178316 0.001797357 -0.004276483 -0.003434397 0.001803633 0.999983311
1305031112.911411 -0.008329315 -0.000195193 -0.000200651 -0.003414592 -0.002002137 0.001900861 0.999990344
1305031112.943321 -0.004977865 -0.001670549 0.000433261 -0.002680586 -0.005904675 -0.001567178 0.999977767
1305031112.979278 -0.004236232 0.000840602 -0.000864138 -0.000577899 -0.006353001 -0.002616159 0.999976218
1305031113.011353 -0.005885598 0.003027957 -0.003402980 -0.001254396 -0.003092888 -0.000489756 0.999994278
1305031113.043231 -0.008435403 -0.000848398 -0.001910293 -0.004778058 -0.001380502 -0.002633806 0.999984145
1305031113.079251 -0.013872758 -0.005462859 0.000902094 -0.001749211 -0.001494100 -0.005220487 0.999983728
1305031113.111316 -0.005959550 0.004864546 -0.007848584 0.003840702 -0.007328175 -0.004974827 0.999953389
1305031113.143306 -0.003792606 0.002613888 -0.005434029 -0.002485693 -0.004834878 -0.000990472 0.999984741
1305031113.179343 -0.013748045 -0.006256362 0.000151318 -0.004836773 -0.001164313 0.001219863 0.999986887
1305031113.211259 -0.013917339 0.000551373 -0.004932506 0.001597066 -0.005390420 0.000869275 0.999983788
1305031113.243227 -0.007817894 0.001630958 -0.008291122 -0.002526004 -0.008947629 -0.000000426 0.999956787
1305031113.279312 -0.007086187 -0.003424766 0.005662003 -0.002918380 -0.008681211 0.000272714 0.999958038
1305031113.311452 -0.015427372 -0.004589301 -0.001810135 0.003157247 -0.007334386 0.002332640 0.999965370
1305031113.343252 -0.008144730 0.010421524 -0.006071384 0.007468512 -0.013229565 -0.002972741 0.999880195
1305031113.379312 -0.004578538 -0.003001502 0.000927283 -0.005474295 -0.013319949 -0.002811630 0.999892354
1305031113.411625 -0.017985493 -0.004528826 0.003350615 -0.000737391 -0.006028477 -0.000630903 0.999981344
1305031113.443266 -0.013073327 0.005504140 -0.004827715 0.002836648 -0.007755900 -0.006513039 0.999944687
1305031113.479311 -0.014753414 -0.001719044 -0.001414514 -0.004872059 -0.007116989 -0.005979410 0.999944925
1305031113.511523 -0.012341776 -0.003691080 0.002623022 -0.005224598 -0.006965082 -0.001840752 0.999960423
1305031113.543242 -0.017857052 -0.000429354 0.003903109 -0.001851824 -0.005420501 -0.003356945 0.999977946
1305031113.579301 -0.014663958 0.003639800 -0.002632359 0.000872472 -0.004822818 -0.005676552 0.999971867
1305031113.611268 -0.011602973 0.000010875 0.002574432 -0.002970238 -0.003927143 -0.004769195 0.999976516
1305031113.643222 -0.011369480 -0.000531342 0.001569338 -0.002963935 -0.000974999 -0.003295501 0.999989688
1305031113.679288 -0.015082088 -0.001107780 0.000501608 -0.001318776 0.001037584 -0.003593512 0.999992132
1305031113.711931 -0.011101887 -0.000906631 0.002552854 -0.000411528 -0.000294313 -0.004645823 0.999989092
1305031113.743590 -0.012446537 0.001448236 0.000711442 0.001110857 0.002538878 -0.005237542 0.999982417
1305031113.779320 -0.015055616 -0.001490134 0.001409919 0.000744397 0.002990298 -0.004310475 0.999985933
1305031113.811237 -0.012615607 0.000938522 -0.000008170 0.001264307 0.000843066 -0.001900034 0.999997020
1305031113.843295 -0.012698865 0.002320172 0.001135056 -0.000151726 0.002077224 -0.003282271 0.999992430
1305031113.879281 -0.016981356 -0.009451281 0.002959949 -0.001209971 0.001380256 -0.004386368 0.999988675
1305031113.911290 -0.011332433 0.003546351 -0.001446616 0.004152134 -0.001672571 -0.000344887 0.999989927
1305031113.943291 -0.009085624 -0.001779894 0.002202750 0.001895024 0.000797683 -0.002030040 0.999995828
1305031113.979293 -0.016235441 0.000216917 0.000688083 0.003619213 0.002976093 -0.005253417 0.999975204
1305031114.011257 -0.018882850 0.000983884 -0.001998659 0.003630253 0.002814263 -0.005249717 0.999975681
1305031114.043301 -0.020434475 -0.001382553 0.000521581 0.001324149 -0.000754657 -0.002095818 0.999996662
1305031114.079285 -0.012509059 -0.001479100 0.001038912 0.002505888 -0.006065085 -0.000669235 0.999978244
1305031114.111263 -0.011983976 0.002952537 -0.000834260 0.003357026 -0.005861653 -0.003474034 0.999971151
1305031114.143284 -0.011992799 -0.000919450 0.001800251 0.000030767 -0.005392132 -0.003177885 0.999980390
1305031114.179337 -0.006776650 -0.005308942 0.002882082 0.001324594 -0.004137362 -0.001790770 0.999988973
1305031114.211303 -0.015948482 0.009894310 -0.000582878 0.004777282 0.000875144 -0.002899420 0.999984026
1305031114.243337 -0.017341819 -0.002363407 0.003461797 -0.002615322 -0.001438834 -0.003607999 0.999989033
1305031114.279390 -0.017501019 -0.001752249 0.000964383 0.000301347 -0.004804273 -0.002271663 0.999985814
1305031114.311429 -0.008259683 0.001175976 0.001748439 -0.000358951 -0.009652269 0.000178940 0.999953330
1305031114.343331 -0.004510497 -0.002424448 0.002815252 -0.001336615 -0.007780528 -0.002717385 0.999965131
1305031114.379320 -0.007520265 -0.002828938 0.002963294 -0.000478692 -0.002867417 -0.003879204 0.999988258
1305031114.411397 -0.013531100 -0.000634138 0.001393051 0.001110343 -0.000779195 -0.004382241 0.999989450
1305031114.443345 -0.012882129 0.000957903 0.001863164 0.000653667 -0.003900504 -0.001845869 0.999990463
1305031114.479332 -0.010652612 -0.003368875 0.003008460 -0.000488101 -0.007336210 -0.001102657 0.999972343
1305031114.511266 -0.005221785 0.002024441 0.001694032 0.000596497 -0.009076504 -0.001964904 0.999956727
1305031114.543236 -0.000390032 -0.002395052 0.003126779 -0.003054568 -0.006244291 0.001572771 0.999974608
1305031114.579237 -0.004526493 -0.002600712 0.001887499 -0.001403115 -0.001183014 0.003528312 0.999992073
1305031114.611391 -0.006050116 0.002075034 0.001280499 -0.001390322 -0.000703552 0.002486513 0.999995708
1305031114.644136 -0.007939890 -0.001445657 0.004240674 -0.004716966 -0.001917892 0.000949443 0.999986589
1305031114.679251 -0.005148993 -0.004186462 0.002627797 -0.003428182 -0.006120009 -0.000997522 0.999974906
1305031114.711306 0.002831418 -0.002306766 0.001837142 -0.000562040 -0.006634460 0.001393864 0.999976873
1305031114.743200 0.000996808 -0.001829402 0.000559170 0.000521235 -0.003929511 -0.003371047 0.999986470
1305031114.779289 0.001467977 0.000922993 -0.001903468 0.002189540 -0.002064705 -0.003592437 0.999989033
1305031114.811303 0.000473326 0.003848753 -0.000899580 0.000933052 0.000232548 -0.000987703 0.999999046
1305031114.843208 0.001756941 -0.000577367 -0.000549096 -0.000438134 -0.000952662 -0.002240566 0.999996960
1305031114.879281 0.003251109 0.004079670 -0.001720078 0.000489403 -0.000478135 0.000232121 0.999999762
1305031114.912879 0.003884125 0.002505316 -0.001122758 -0.000749079 -0.000715503 -0.000118981 0.999999464
1305031114.943234 0.009569191 0.003736853 -0.000163080 -0.002093929 -0.001444146 -0.001249730 0.999996006
1305031114.979280 0.004813814 0.002455570 -0.001119332 -0.002330880 0.002668224 -0.000569757 0.999993563
1305031115.011300 0.005264662 0.004342377 0.000114334 -0.003990475 0.001718082 -0.000805142 0.999990225
1305031115.043508 0.011019123 -0.002850138 0.004594143 -0.005384001 0.001799957 -0.000047524 0.999983907
1305031115.079238 0.006445585 0.003784239 -0.002267695 -0.001515482 0.004350350 -0.000821250 0.999989033
1305031115.111230 0.015082919 0.003385455 0.004161930 -0.003069213 0.003381668 0.001594732 0.999988317
1305031115.143275 0.008793045 -0.001290255 0.002189880 -0.002496985 0.010021082 0.002449756 0.999943674
1305031115.179440 0.003659971 0.002040921 -0.000798501 -0.001533431 0.006085261 0.000614208 0.999980092
1305031115.211374 0.012937260 -0.004371828 0.005582856 -0.002079925 0.003359182 0.002779765 0.999988317
1305031115.243297 0.007587115 -0.001129131 -0.001437959 0.003794750 0.008483061 0.001779179 0.999955237
1305031115.279966 0.007913943 0.007559132 -0.002101533 0.002823809 0.005288880 0.003018137 0.999977469
1305031115.311704 0.015836818 -0.004381929 0.008861905 -0.001354259 0.006221002 0.006109772 0.999961078
1305031115.343235 0.006053602 0.004268671 -0.005451830 0.004391190 0.013497768 0.001686544 0.999897838
1305031115.379166 0.000826238 0.004598456 -0.004790991 -0.004164848 0.006251812 0.005772719 0.999955118
1305031115.411237 0.012128393 -0.002459146 0.003229319 -0.006514366 -0.005406256 0.002233315 0.999961674
1305031115.443159 0.020530339 0.000762171 0.002390686 -0.003027225 -0.002966542 0.005289226 0.999977052
1305031115.479241 0.010030174 0.002399237 0.000865747 -0.003482677 0.002682813 0.005148179 0.999977112
1305031115.511253 0.020311670 0.000027235 0.008167858 -0.002278073 0.002194229 0.003699157 0.999988139
1305031115.543604 0.014687919 0.000467317 0.000945433 0.000937332 0.015026799 0.006418524 0.999866068
1305031115.579315 0.009150946 -0.000016440 -0.003438373 0.000946757 0.014205662 0.005326558 0.999884486
1305031115.611424 0.012804464 -0.000467774 -0.001890222 0.000979059 0.007510817 0.005575243 0.999955773
1305031115.643254 0.014724084 -0.002058843 -0.002328431 0.001276021 0.007210077 0.007873951 0.999942183
1305031115.679241 0.006481061 0.000327895 -0.003730840 0.002290139 0.005751326 0.010043663 0.999930382
1305031115.711320 0.023170985 0.003015132 -0.001792833 0.001663346 -0.002900897 0.009545880 0.999948859
1305031115.743250 0.023481505 -0.001186744 0.002722621 0.000496239 0.004439552 0.007370565 0.999962866
1305031115.779425 0.012466172 -0.000726895 -0.004654293 0.002603020 0.011267475 0.007324333 0.999906301
1305031115.811277 0.018069256 0.003123376 -0.001797591 0.001808889 0.008223296 0.008460655 0.999928772
1305031115.843224 0.011437999 -0.001285908 -0.000223357 -0.001549058 0.011529518 0.007734396 0.999902427
1305031115.879198 0.007475510 -0.005151348 -0.000005371 0.000318771 0.007971507 0.007326594 0.999941349
1305031115.911118 0.014098073 0.003470519 -0.001375384 0.003807336 0.003675442 0.005923744 0.999968469
1305031115.943311 0.013833717 0.002319235 0.002000889 0.000839732 0.006981583 0.006732165 0.999952614
1305031115.980740 0.011197813 0.001404960 0.001856674 -0.000262146 0.006765188 0.005782916 0.999960363
1305031116.011379 0.014952394 0.003496527 0.006817537 0.000325673 0.008689012 0.003346839 0.999956608
1305031116.043164 0.005939105 0.003180069 0.004599701 0.000026683 0.015977917 0.002677640 0.999868751
1305031116.080030 0.001690590 0.006299564 0.000010977 -0.001155788 0.015446740 0.004311938 0.999870718
1305031116.111300 0.008121410 0.000281312 0.007706250 -0.005012232 0.011688252 0.003753207 0.999912083
1305031116.143441 -0.001826845 -0.001710433 0.005528366 -0.003199294 0.014101110 0.003585473 0.999889016
1305031116.179572 0.006019250 0.003401234 0.004415315 0.000236666 0.007329704 0.003230931 0.999967873
1305031116.211299 0.010525976 0.000933532 0.005239416 -0.002704858 0.005528325 0.003498713 0.999974966
1305031116.243320 0.009980596 -0.008510037 0.004982138 -0.004866550 0.006485714 0.003844997 0.999959707
1305031116.279385 0.005831718 0.005267269 0.001471058 0.003704423 0.010773574 0.004427643 0.999925315
1305031116.311336 0.007355906 0.002258195 0.003025088 -0.000613896 0.009154187 0.004050151 0.999949694
1305031116.343292 0.008206655 -0.008510101 0.006036579 -0.002711124 0.005083548 0.003941722 0.999975622
1305031116.379384 0.003705574 -0.004164656 -0.000825671 0.004474195 0.003061536 0.001237743 0.999984562
1305031116.411333 0.001853631 0.015011474 -0.004669261 0.010328156 0.002042453 0.005147576 0.999931335
1305031116.443369 0.002152273 0.001950535 -0.001056340 -0.002881821 0.001445812 0.009402485 0.999950588
1305031116.479850 -0.000947874 -0.010387698 -0.000928807 -0.004799180 0.001363687 0.004204359 0.999978721
1305031116.511205 -0.002620120 0.003065941 -0.003257438 0.003542490 -0.000677273 -0.003253430 0.999988198
1305031116.543262 -0.005484284 0.002803842 -0.005160066 0.003439178 0.000434405 -0.004071434 0.999985695
1305031116.579313 -0.009590737 0.000507982 -0.004689941 -0.001338858 -0.000718350 -0.003322605 0.999993324
1305031116.611261 -0.004295761 -0.003563658 -0.002832507 -0.001402774 -0.007612211 -0.006297668 0.999950230
1305031116.643355 -0.007183613 -0.002438721 -0.008096443 -0.000704165 -0.009406715 -0.008847028 0.999916375
1305031116.679281 -0.006410741 0.003666573 -0.004693579 0.001206279 -0.009178233 -0.008835004 0.999918103
1305031116.711634 -0.006681653 0.003648300 -0.007024615 0.001624195 -0.006906410 -0.009695707 0.999927819
1305031116.743291 -0.012979068 0.003652412 -0.005331934 -0.000382987 -0.004276604 -0.011442235 0.999925315
1305031116.779298 -0.012484807 0.002292072 -0.003823159 -0.001680348 -0.004734211 -0.010874047 0.999928236
1305031116.811318 -0.019763866 -0.003071077 -0.002467455 -0.001152466 -0.001797650 -0.008548546 0.999961197
1305031116.846089 -0.021462960 0.005047070 -0.006448921 0.003077538 -0.006429162 -0.007971481 0.999942839
1305031116.880165 -0.014932666 -0.000329627 -0.004591921 -0.002349746 -0.010976630 -0.007197601 0.999911070
1305031116.912044 -0.017381532 -0.002364541 -0.003789198 -0.001352589 -0.010780306 -0.005500986 0.999925852
1305031116.943296 -0.016542278 0.007368931 -0.001641290 0.001568699 -0.013409321 -0.008285515 0.999874532
1305031116.979351 -0.019400299 0.001915420 -0.000570504 0.001398851 -0.010219645 -0.011054970 0.999885678
1305031117.011382 -0.015399075 0.003154813 -0.001269494 0.002360332 -0.011835111 -0.009393598 0.999883056
1305031117.043261 -0.014140652 0.004137194 -0.003104761 0.000474168 -0.010195115 -0.006382692 0.999927521
1305031117.079520 -0.007267967 -0.000007512 -0.000668159 -0.002638399 -0.012686778 -0.006740937 0.999893308
1305031117.111238 -0.014218690 -0.000471207 -0.000756165 -0.002663339 -0.010638095 -0.002089345 0.999937713
1305031117.143218 -0.008025886 0.005418705 -0.000584217 -0.000988295 -0.011776793 -0.001554727 0.999928951
1305031117.179264 -0.007509563 0.000966112 0.002442824 -0.002955581 -0.009552992 -0.005829977 0.999933004
1305031117.211361 -0.002545821 0.000426606 0.002968787 -0.002024467 -0.008408256 -0.003743660 0.999955595
1305031117.243277 0.000691704 0.006069070 0.003156290 -0.001483966 -0.004257193 -0.001943325 0.999987960
1305031117.279299 -0.000217832 -0.003035300 0.003053961 -0.005696851 -0.000068548 -0.004399818 0.999974072
1305031117.311200 -0.004915223 -0.004467645 0.000852027 -0.004825572 0.002669537 -0.001217297 0.999984026
1305031117.343243 -0.002355228 -0.005019167 0.000294607 -0.002621181 -0.000093990 -0.000780009 0.999996245
1305031117.379454 -0.001606199 -0.004616350 -0.000657906 -0.000001073 0.000239833 -0.000223699 0.999999940
1305031117.411221 -0.002553852 -0.006021743 -0.000706918 0.000642781 -0.001008416 0.000733653 0.999998987
1305031117.443274 0.001173995 -0.001945740 -0.001422391 0.003562412 -0.002274452 0.000811006 0.999990761
1305031117.479403 -0.001320364 -0.006756319 -0.001560414 0.001077884 -0.000529538 0.001339081 0.999998391
1305031117.511325 0.001049094 -0.009151869 -0.000025526 0.002211496 -0.002206146 0.001558553 0.999993920
1305031117.544285 -0.001668863 -0.002573602 -0.001814708 0.006069111 -0.000174572 0.000202385 0.999981523
1305031117.579155 -0.002014299 -0.006055685 -0.000876260 0.002842085 -0.000799510 -0.001862606 0.999993920
1305031117.611159 -0.000574632 -0.006926400 0.000835708 0.001009303 -0.001632611 0.000586172 0.999997973
1305031117.643252 -0.000717320 -0.008761996 0.001153212 0.001353363 -0.002004707 0.000958574 0.999996603
1305031117.679262 -0.000603942 -0.005919962 0.001441307 0.000626431 -0.002691919 0.000400532 0.999996066
1305031117.711184 0.002677480 -0.010927735 0.003437485 -0.001272007 -0.003761931 0.002610318 0.999988735
1305031117.743184 0.000298770 -0.010271656 0.002549329 -0.000026105 -0.002457167 0.003102263 0.999992132
1305031117.779467 0.000229585 -0.007030193 0.001700147 0.000842443 -0.002695190 0.001794623 0.999994397
1305031117.811320 0.003897708 -0.014387536 0.003989227 -0.002478341 -0.003537460 0.002503068 0.999987543
1305031117.843291 0.004427260 -0.009335497 0.002958537 0.002721120 -0.001082799 0.000283674 0.999995649
1305031117.879451 -0.001353025 -0.006780832 0.002054138 0.002143188 0.003843074 -0.000012340 0.999990284
1305031117.911407 -0.001389483 -0.013126689 0.003616049 -0.000420598 0.002228075 0.000100488 0.999997437
1305031117.943253 0.000052852 -0.006740601 0.002120426 0.002120711 0.002088094 -0.000331688 0.999995530
1305031117.979228 -0.002751788 -0.008780855 0.003445680 -0.001615435 0.002495481 -0.000457319 0.999995470
1305031118.011228 0.001731305 -0.015237053 0.005726296 -0.003094638 -0.000376204 0.000128821 0.999995112
1305031118.043521 0.000072923 -0.010616547 0.003036333 0.000803887 0.001401500 0.000074679 0.999998689
1305031118.079334 0.002667826 -0.009231097 0.003653429 0.000162696 0.000573867 -0.001293540 0.999998987
1305031118.111217 0.002077762 -0.012226663 0.003502823 -0.000051019 0.003896886 -0.000790283 0.999992073
1305031118.143256 -0.004449713 -0.007735557 0.002909827 0.002180354 0.006279571 -0.001680735 0.999976516
1305031118.179323 0.001009658 -0.012658994 0.003611138 -0.000319174 0.002626723 -0.001581480 0.999995232
1305031118.211202 -0.004272993 -0.013231486 0.002162993 0.002012853 0.003628244 0.001409971 0.999990404
1305031118.243173 -0.000656637 -0.008968771 0.001785993 0.003346851 -0.000879046 -0.000196427 0.999993980
1305031118.279194 0.002859978 -0.014169146 0.003202487 0.002261888 -0.001077860 -0.000551632 0.999996722
1305031118.311299 -0.000445514 -0.007409665 0.000982306 0.006904203 -0.000025562 -0.000820131 0.999975801
1305031118.343324 0.003108941 -0.005661593 0.001923929 0.004761372 0.000416769 -0.000977905 0.999988079
1305031118.379208 -0.004081013 -0.008038473 0.002306218 0.003849313 0.002849320 -0.001670851 0.999987125
1305031118.411296 -0.002381231 -0.001850408 -0.000744765 0.003799741 -0.000861469 -0.000395665 0.999992311
1305031118.445692 0.003275202 -0.002133336 0.002562119 0.000840583 -0.001227152 0.003119127 0.999994040
1305031118.479285 0.000508154 -0.003813691 0.002923036 0.000177736 -0.000709407 0.002706470 0.999996066
1305031118.511255 0.002585193 0.002897211 -0.000124979 0.002909045 -0.000785096 0.000880773 0.999995053
1305031118.544414 -0.000049966 0.004576747 -0.001052471 -0.000562738 0.001010490 -0.001120706 0.999998689
1305031118.579285 0.001955586 0.001025666 0.001720516 -0.002527336 0.000441352 -0.000010695 0.999996722
1305031118.616142 0.001680340 0.004890132 -0.000424155 -0.000312296 0.001781391 -0.002175130 0.999996006
1305031118.645325 -0.003966918 0.008245245 -0.003610819 -0.000564508 0.003837786 -0.002930273 0.999988198
1305031118.679295 -0.001509011 0.005993791 -0.000184252 -0.003457173 0.001508970 -0.001811194 0.999991238
1305031118.711421 -0.001269106 0.003249111 0.000052556 -0.001859877 -0.000186708 -0.002327985 0.999995530
1305031118.746770 -0.004940743 0.008301489 -0.006672583 0.001618202 -0.000895174 0.000165885 0.999998271
1305031118.779277 -0.000679424 0.016773844 -0.005377433 -0.000796340 -0.003542471 -0.000829024 0.999993086
1305031118.811221 0.004026198 -0.000008639 0.003464765 -0.007096645 -0.003931898 -0.000253109 0.999967039
1305031118.846753 0.003952339 0.008503099 -0.004618522 0.003298650 -0.001177720 0.001120555 0.999993205
1305031118.879208 -0.003191965 0.024662383 -0.007881753 0.004630842 0.003674943 -0.002230519 0.999980032
1305031118.911177 -0.000548812 0.004138122 -0.002055672 -0.004558088 0.001066527 -0.001627825 0.999987721
1305031118.946974 -0.002411208 0.012180883 -0.007041129 0.000866228 0.002188658 -0.002057423 0.999995112
1305031118.979374 -0.004388274 0.015240739 -0.006324400 -0.000559761 0.002176599 -0.003960839 0.999989629
1305031119.011363 -0.002705490 0.009558948 -0.004255536 -0.004458257 0.000131421 -0.001673788 0.999988616
1305031119.047172 -0.002059098 0.007829668 -0.003955820 -0.003082309 -0.000619535 -0.000224800 0.999995053
1305031119.079223 -0.004980780 0.010142211 -0.005211652 -0.000670186 -0.001238105 -0.000459076 0.999998868
1305031119.111328 -0.000163965 0.009548377 -0.004195637 -0.000625369 -0.004332276 0.000686593 0.999990165
1305031119.147616 -0.002398159 0.012954690 -0.005967533 0.000366313 -0.003289061 0.001181879 0.999993801
1305031119.179226 0.002258499 0.004891918 -0.002634170 -0.001707622 -0.005628325 0.000217826 0.999982655
1305031119.211364 0.000767163 0.012650768 -0.005691292 0.003246941 -0.002357837 0.001294097 0.999991119
1305031119.247399 -0.002216873 0.012097679 -0.004359562 0.001249773 -0.000831656 0.000630152 0.999998689
1305031119.279212 -0.000067167 0.011199385 -0.003854676 0.000547056 -0.001229231 -0.000138918 0.999999106
1305031119.311212 -0.002839751 0.008868159 -0.003538817 -0.000213642 0.000124185 0.002243077 0.999997437
1305031119.347741 -0.001812172 0.007579016 -0.003581280 0.000380010 -0.001630547 0.002125340 0.999996364
1305031119.379239 -0.000041598 0.014791236 -0.003392142 0.002118920 -0.002446319 0.000139284 0.999994755
1305031119.411484 0.004419437 0.009319188 -0.001505822 -0.000988611 -0.001535239 0.000559391 0.999998152
1305031119.447706 -0.000590556 0.008741832 -0.001923819 -0.000976019 0.002483617 0.000401673 0.999996364
1305031119.479267 -0.002287380 0.012095749 -0.003861778 0.001870596 0.002621877 -0.000776843 0.999994516
1305031119.511240 -0.003720408 0.010294616 -0.003115697 -0.001672427 0.002043654 0.000817029 0.999996185
1305031119.547382 -0.000720377 0.012080644 -0.002011881 -0.000769637 -0.000221278 0.001581881 0.999998391
1305031119.579559 -0.001744379 0.014899000 -0.002017771 -0.001041920 0.001918189 -0.000500996 0.999997497
1305031119.615017 -0.002716288 0.005340542 -0.001305320 -0.005535481 0.002432334 0.000290976 0.999981701
1305031119.647903 -0.001087522 0.015906822 -0.001222411 -0.000906370 0.000322976 0.001167917 0.999998868
1305031119.679208 0.000101113 0.012980669 0.000765775 -0.003742011 0.002430468 -0.001920371 0.999988198
1305031119.715232 -0.000537896 0.005574321 0.000321108 -0.007645611 0.003993339 0.003058718 0.999958098
1305031119.747193 -0.003042435 0.006625432 -0.001328398 -0.004414585 0.001463404 0.004196750 0.999980390
1305031119.779169 -0.000866415 0.008929249 0.000533763 -0.003016599 -0.001857664 0.002223791 0.999991238
1305031119.814537 0.001361049 0.010529210 0.000689797 -0.001452212 -0.001956487 0.004039031 0.999988854
1305031119.847429 0.001406780 0.009865449 0.000628516 -0.002226905 0.000044924 0.004167611 0.999988854
1305031119.879214 0.000735752 0.004151942 0.000455981 -0.001665889 0.001377468 0.000026022 0.999997675
1305031119.911401 -0.001685640 0.015579434 -0.002099748 0.002387018 0.002199939 0.001202351 0.999993980
1305031119.947392 0.001115439 0.006845178 0.001607445 -0.004625484 0.000979726 0.000038547 0.999988794
1305031119.979537 -0.000371952 0.006390610 -0.000488626 -0.002068277 0.003446317 -0.000955694 0.999991477
1305031120.015264 -0.002297541 0.012762129 -0.001738430 -0.002160129 0.004034949 0.001968931 0.999987602
1305031120.047290 -0.000570987 -0.005383302 -0.000871076 -0.011034729 0.000632063 0.000408646 0.999938846
1305031120.079418 -0.001593914 0.000000967 -0.000586449 -0.002037263 -0.001864114 0.001970851 0.999994218
1305031120.115232 0.000043183 0.004085145 -0.000448000 -0.000459616 -0.002727669 0.001735538 0.999994636
1305031120.148157 0.002927634 -0.005031840 0.002030130 -0.003428815 -0.002183842 0.001047491 0.999991179
1305031120.179246 0.000907685 -0.004809387 0.001513631 0.000794516 -0.000052913 0.002855212 0.999995589
1305031120.215249 0.000690230 -0.004279474 0.000682625 0.004831878 -0.000410172 -0.000390775 0.999988139
1305031120.248003 0.000533612 -0.001489609 0.000143160 0.005314429 0.000064555 -0.002556975 0.999982595
1305031120.279430 0.001041248 -0.004534398 0.001905751 0.004285145 0.000489566 -0.002041841 0.999988616
1305031120.315196 0.000713813 -0.005468565 0.003202534 0.004092164 0.000183543 -0.002241577 0.999989092
1305031120.347787 -0.000704728 -0.005755696 0.001414712 0.004936340 0.001118830 -0.002094229 0.999984980
1305031120.379437 -0.002194603 -0.008267547 0.005811418 0.003121245 0.000725518 -0.000596128 0.999994695
1305031120.415445 -0.000473750 -0.006417588 0.007287694 0.009898967 -0.000318434 -0.000607175 0.999950767
1305031120.447417 -0.001450884 -0.002615099 0.001158316 0.009654468 0.000234014 -0.000884700 0.999952972
1305031120.479432 -0.001688027 -0.008054797 0.009128803 0.005671013 0.000073393 -0.000580431 0.999983728
1305031120.514819 -0.002967860 -0.005751750 0.005409535 0.009739341 -0.000649619 0.000364667 0.999952316
1305031120.547736 -0.001392898 -0.005791795 0.002918614 0.008463616 -0.002536094 0.001278400 0.999960124
1305031120.579551 -0.000638848 -0.008754490 0.003082303 0.003559605 -0.003912350 0.002761351 0.999982178
1305031120.615236 0.001885690 -0.012229855 0.004766008 0.002499556 -0.005092991 0.001865368 0.999982178
1305031120.647354 0.002475766 -0.007349517 0.003752490 0.005800826 -0.003668843 0.000041799 0.999976456
1305031120.679318 0.002245830 -0.007750615 0.004094259 0.002930327 -0.002192325 0.000603552 0.999993145
1305031120.714522 0.000312339 -0.009530126 0.003276352 0.001930577 -0.000601637 0.000708293 0.999997675
1305031120.747369 -0.001304902 -0.011328507 0.003306271 0.000515957 -0.001723762 -0.000073482 0.999998391
1305031120.779894 0.002691976 -0.011338176 0.004128517 0.001727507 -0.002899231 -0.000138423 0.999994278
1305031120.814944 -0.000345408 -0.004812798 0.000998215 0.004049025 0.000046687 -0.001132666 0.999991179
1305031120.847921 0.000797699 -0.010838923 0.004149282 -0.001322124 -0.001196055 -0.001806685 0.999996781
1305031120.883435 0.002598650 -0.010810663 0.003030841 0.002041809 -0.000248472 -0.001855935 0.999996185
1305031120.915444 -0.001107275 -0.005646394 0.000916775 0.002266050 0.002066330 -0.002135307 0.999993026
1305031120.947488 0.000227055 -0.011251247 0.002998770 -0.000894829 0.000201255 -0.001870383 0.999997854
1305031120.983366 -0.000333604 -0.010331563 0.002074285 0.000070636 0.000133649 -0.001970867 0.999998033
1305031121.015019 0.001005584 -0.010284631 0.002256539 0.001284775 -0.001000992 -0.001165507 0.999997973
1305031121.047498 -0.000965030 -0.007236951 0.000852571 0.000821937 0.000550431 -0.001124652 0.999998868
1305031121.083099 -0.000757238 -0.014669091 0.002473098 -0.000660506 -0.001114492 -0.000870225 0.999998808
1305031121.114696 0.000815453 -0.007303155 0.001140921 0.003174585 -0.001580518 0.000066532 0.999993682
1305031121.147331 -0.000766213 -0.009323318 0.001033861 0.001568596 -0.000360075 -0.000648387 0.999998510
1305031121.183271 0.000389876 -0.010683084 0.001676031 0.001258845 -0.001537704 -0.000554100 0.999997854
1305031121.211420 0.003628931 -0.011309603 0.002772172 0.001833100 -0.000701387 -0.000323896 0.999998033
1305031121.247194 -0.004105379 -0.006855431 0.000353606 0.002407038 0.002788559 -0.000640219 0.999993026
1305031121.282876 0.000162836 -0.011875910 0.003737886 -0.000877370 -0.001544381 0.001540214 0.999997258
1305031121.313568 0.001838361 -0.012539866 0.003219394 0.001920195 -0.000638302 0.000454167 0.999997854
1305031121.347517 -0.002389968 -0.006291368 0.001572723 0.002842326 -0.000514090 0.001135792 0.999995172
1305031121.383226 0.005674728 -0.013623855 0.005742453 0.000384947 -0.003226812 0.000785803 0.999994397
1305031121.414318 0.000160752 -0.009250963 0.001296034 0.004320613 0.001005115 -0.001630345 0.999988854
1305031121.447319 -0.000595591 -0.007478887 0.000173267 0.001479134 0.000713483 0.000336689 0.999998569
1305031121.482964 0.003121048 -0.014556658 0.005885707 0.000263695 0.001201765 0.001709943 0.999997795
1305031121.514107 -0.005531990 -0.005292788 -0.002129396 0.004168007 0.003483291 -0.000270408 0.999985218
1305031121.547270 0.000334349 -0.006199990 0.001429393 -0.001007186 0.000153058 0.000476593 0.999999344
1305031121.583204 0.000969776 -0.010750857 0.005866017 -0.001855723 0.001077042 -0.000575041 0.999997556
1305031121.614700 0.001025083 -0.008013017 0.001430595 0.001171538 0.001519939 -0.001102926 0.999997556
1305031121.647183 0.001297150 -0.004883041 0.002043393 0.000974977 0.003891317 -0.002611473 0.999988556
1305031121.683200 -0.005329093 -0.008096080 0.002131356 -0.002548596 0.005296642 -0.001431581 0.999981701
1305031121.714520 -0.001818247 -0.007925265 0.001908004 -0.000683779 0.001097539 0.001257118 0.999998391
1305031121.747145 0.000759482 -0.004884508 0.001975485 -0.001602654 0.000044308 0.000539225 0.999998569
1305031121.782835 0.001465509 -0.007950360 0.003530300 -0.002171384 -0.000070987 0.002614927 0.999994218
1305031121.811540 0.003157404 -0.003528840 0.002936862 -0.000850751 0.000308782 0.002260444 0.999997020
1305031121.847335 -0.002529535 -0.002827480 0.000339247 -0.001623132 0.002603694 0.002896239 0.999991119
1305031121.882060 -0.000581433 -0.002343982 0.001000236 -0.002055465 0.000231618 0.006281852 0.999978125
1305031121.914931 -0.000183019 -0.001284206 0.001230092 -0.001923199 -0.001909078 0.002487398 0.999993205
1305031121.947288 0.003670987 0.000112710 0.001500866 0.000092356 -0.003184217 -0.000258475 0.999994874
1305031121.982926 0.001057602 0.005102949 -0.001140993 0.000662865 0.000183175 -0.000616367 0.999999583
1305031122.014256 -0.001598565 0.002017879 -0.000176711 -0.001102255 0.000469185 -0.001823632 0.999997616
1305031122.047306 -0.001081395 0.005287965 -0.002864227 0.000964084 -0.000883258 -0.003769290 0.999992013
1305031122.082959 0.001015911 0.006306041 -0.002031818 0.000479160 -0.000692124 -0.003612297 0.999993086
1305031122.114672 -0.002496078 0.010178016 -0.005319390 0.001550523 0.000868799 -0.004348087 0.999988973
1305031122.150725 0.001161823 0.008585084 -0.001753643 -0.000867112 -0.000636678 -0.005173042 0.999986053
1305031122.183042 0.000873908 0.009424245 -0.004683936 0.001173459 0.000835853 -0.004890411 0.999987006
1305031122.214959 -0.006187542 0.015392844 -0.007494708 -0.002692028 0.003346401 -0.005797257 0.999973953
1305031122.251319 0.000079487 0.005128604 0.002363080 -0.007083638 0.000035563 -0.002356259 0.999972105
1305031122.283560 -0.001888967 0.010918721 -0.004917349 -0.001315846 -0.000647388 -0.001837866 0.999997258
1305031122.314289 -0.004319729 0.017081283 -0.004971541 -0.004915421 -0.001332458 -0.004181450 0.999978304
1305031122.351327 0.000488108 0.006622069 -0.001263572 -0.007923022 -0.003110227 -0.001389306 0.999962807
1305031122.382630 -0.004318179 0.011179555 -0.005207329 -0.005178901 -0.001198187 -0.000384187 0.999985814
1305031122.414997 -0.002722544 0.005911876 -0.002979103 -0.005067656 -0.004116928 -0.000237889 0.999978662
1305031122.451257 -0.002087486 0.010276087 -0.006011572 -0.002371365 -0.004530245 0.000666749 0.999986708
1305031122.483360 -0.000060799 0.008901422 -0.003326977 -0.003553297 -0.005534802 0.000033284 0.999978364
1305031122.515097 0.000278949 0.009621248 -0.004885415 -0.001898995 -0.004263121 -0.001508796 0.999987960
1305031122.551490 0.001558030 0.010921150 -0.004245363 -0.001757065 -0.001655030 -0.001684800 0.999995649
1305031122.583208 -0.001842301 0.008814413 -0.003767689 -0.002149561 0.001542260 -0.001558919 0.999995291
1305031122.614980 -0.004713775 0.007023160 -0.003227854 -0.001477247 0.000660421 0.000975009 0.999998212
1305031122.648788 -0.001193992 0.011355208 -0.004853810 0.001394570 -0.002017922 0.000640890 0.999996781
1305031122.683402 -0.001919517 0.011634673 -0.003806897 0.000939433 -0.001028076 0.001169550 0.999998331
1305031122.715208 -0.002738047 0.009965197 -0.002996347 0.000080883 -0.002555784 0.002673102 0.999993145
1305031122.751298 0.002394909 0.015022466 -0.002825626 0.001384188 -0.003933644 -0.000044474 0.999991298
1305031122.783423 -0.000840234 0.015730532 -0.002360808 -0.001850179 -0.000295464 -0.000585830 0.999998093
1305031122.812555 0.000469970 0.006134124 0.000309440 -0.006266883 0.000369298 -0.000791499 0.999979973
1305031122.851418 0.003024418 0.008860240 0.000060654 -0.002448734 0.002912516 -0.001931616 0.999990880
1305031122.883754 -0.004651440 0.010948970 -0.002609833 -0.002909346 0.007567473 0.000871377 0.999966741
1305031122.914571 -0.004439414 0.005752953 -0.001778155 -0.004118876 0.003445138 0.001101787 0.999984980
1305031122.951341 -0.001224145 0.006895259 -0.001625979 -0.001388011 0.000688270 0.001083824 0.999998212
1305031122.982815 -0.003863290 0.011707184 -0.002199044 -0.000489439 0.000701890 0.003678790 0.999992847
1305031123.015450 0.001530313 0.004410413 -0.000713978 -0.003407953 -0.002200354 0.002866306 0.999987662
1305031123.051827 0.001254307 0.006191905 -0.000893480 0.000117214 -0.000285399 0.001549927 0.999998748
1305031123.082975 -0.001760926 0.014094748 -0.002361122 0.002314950 0.001101586 0.002420506 0.999993801
1305031123.113873 -0.000512097 0.010691379 -0.001116113 -0.002533646 0.000959540 0.002145114 0.999994040
1305031123.150822 -0.001838590 0.007864479 -0.001025636 -0.003084522 0.001282496 -0.000092313 0.999994397
1305031123.182155 0.002884690 0.012958725 0.000424990 -0.001233178 0.000581314 0.001023786 0.999998569
1305031123.214704 0.000736691 0.011382614 0.000938309 -0.003653764 0.004442149 0.000059707 0.999983430
1305031123.250618 -0.002754694 0.014874017 -0.000662324 -0.004193837 0.004850620 -0.000354302 0.999979377
1305031123.282347 0.000787094 0.007475649 0.002823360 -0.008953634 0.002404933 0.002949786 0.999952674
1305031123.311327 0.000704743 0.007713065 0.002417067 -0.005716292 0.003732914 0.000643267 0.999976516
1305031123.350481 0.000340580 0.008994113 0.001499162 -0.004674667 0.003968212 0.001113481 0.999980569
1305031123.382255 0.002122981 0.009884031 0.002000383 -0.003974338 0.003484173 0.003916089 0.999978364
1305031123.411363 0.000264712 0.004393609 0.001026657 -0.004312098 0.004472869 0.002054077 0.999978602
1305031123.451255 -0.000126484 0.010796350 -0.000182316 -0.001094760 0.002391489 0.002110252 0.999994338
1305031123.483594 0.001787305 0.008959621 0.000799410 -0.003748718 0.000730858 0.004603271 0.999982119
1305031123.511360 0.000446631 0.004931581 0.001076113 -0.003924407 0.001419143 0.002650183 0.999987781
1305031123.551513 0.001198146 0.007232756 -0.000335651 -0.001815511 -0.000663540 0.002120794 0.999995887
1305031123.579583 0.002486596 0.007469714 0.002469572 -0.001807549 -0.000812801 0.003073420 0.999993324
1305031123.611335 0.001577456 0.010701428 0.000388596 0.000476836 0.001025926 0.001446673 0.999998331
1305031123.652411 0.002373244 0.007734347 0.001893378 -0.003448805 0.001373458 0.000233866 0.999993086
1305031123.683753 0.001666122 0.004435932 0.000909355 -0.004929594 0.003174215 0.001381322 0.999981880
1305031123.711323 -0.000064454 0.006889048 0.000389331 -0.003769330 0.003858028 0.001579589 0.999984205
1305031123.751723 -0.001477832 0.002160562 0.001189346 -0.003896036 0.002814638 0.001806980 0.999986827
1305031123.783858 0.000850932 0.002049715 0.000318176 -0.001943828 -0.000889059 0.001401144 0.999996722
1305031123.811608 0.000930500 0.002051105 -0.000490521 -0.000882550 -0.000698072 0.001108105 0.999998748
1305031123.851444 -0.000346010 0.000509363 0.000276471 -0.001041292 -0.000172779 0.002014151 0.999997437
1305031123.883786 -0.000996098 -0.003002789 0.001181737 -0.000211888 -0.001094468 0.000164725 0.999999344
1305031123.911243 0.000130731 -0.001265676 -0.001310959 0.003400016 -0.001429886 -0.000999276 0.999992728
1305031123.951442 -0.001470581 -0.000366400 -0.001844423 0.000179362 0.000157626 0.001686069 0.999998569
1305031123.983415 -0.003524608 -0.002807272 0.006740531 0.000823753 -0.001046481 0.000598886 0.999998927
1305031124.011302 -0.000002618 -0.005498800 0.000835728 0.006023387 -0.004180988 -0.001153563 0.999972463
1305031124.051505 0.000404108 -0.002470525 -0.001255081 0.005238789 -0.003400688 -0.000117359 0.999980509
1305031124.083837 0.001256719 -0.003776822 0.004445030 0.003100582 -0.003939605 0.000297953 0.999987364
1305031124.111331 -0.000620202 -0.005946244 0.003809167 0.008738754 -0.002856240 -0.002389086 0.999954879
1305031124.147446 -0.001044495 -0.001340992 -0.002218459 0.007338375 -0.000165762 -0.002598386 0.999969661
1305031124.182694 -0.000815733 -0.008019648 0.005175862 0.002230115 -0.000836574 -0.002319232 0.999994457
1305031124.211396 -0.002093593 -0.003885512 0.002767662 0.009963680 -0.000054195 -0.002828812 0.999946356
1305031124.249327 -0.003051952 -0.003640071 -0.003667096 0.007112564 0.000399649 -0.000845594 0.999974251
1305031124.282545 -0.001035909 -0.005414375 0.003564689 0.002454141 -0.004023754 -0.000925432 0.999988437
1305031124.311361 -0.000101800 -0.008968537 0.004148237 0.005434153 -0.004132621 -0.001475966 0.999975622
1305031124.350354 -0.001421580 -0.003993028 0.000262801 0.007599585 -0.002614102 -0.001553331 0.999966502
1305031124.382420 0.001051683 -0.007496095 0.002867108 0.005352145 -0.002622736 -0.001798702 0.999980628
1305031124.411439 0.000474491 -0.006308159 0.002567725 0.007975435 -0.001815365 -0.000931362 0.999966085
1305031124.450245 -0.001159151 -0.006678716 0.001218283 0.009316104 -0.000591528 -0.002771393 0.999952614
1305031124.480099 -0.002249563 -0.008085222 0.001052265 0.008440689 -0.000126901 -0.003180643 0.999959290
1305031124.511324 -0.000993162 -0.004941476 0.000702109 0.009199865 -0.001308629 -0.002790138 0.999952912
1305031124.550437 -0.002111734 -0.008479590 0.001814142 0.005465665 -0.000742043 -0.003322280 0.999979258
1305031124.579404 -0.001318575 -0.013264594 0.001591390 0.003228926 -0.001837490 -0.002863437 0.999988973
1305031124.611358 0.000017021 -0.012045125 0.001463489 0.004948513 -0.002196886 -0.002322332 0.999982655
1305031124.651271 -0.001458048 -0.010116608 0.001844212 0.004581481 -0.001483442 -0.002553112 0.999985158
1305031124.679362 0.002776518 -0.014141220 0.002795198 0.003384956 -0.002589957 -0.002227488 0.999988437
1305031124.711251 0.001061590 -0.010576107 0.001754734 0.004707706 -0.000177920 -0.002422879 0.999985933
1305031124.749890 -0.001271455 -0.014281875 0.002944889 0.001492812 0.000615285 -0.001975478 0.999996722
1305031124.779365 0.000897907 -0.012960315 0.003035221 0.003033389 -0.001410504 -0.000747235 0.999994099
1305031124.811360 0.000304442 -0.009836196 0.003228103 0.002940238 -0.000814593 -0.000799476 0.999994993
1305031124.850535 0.001056644 -0.014379845 0.005252721 -0.000411288 -0.001500306 -0.000388165 0.999998689
1305031124.879355 0.006217434 -0.013905670 0.006485890 0.001695457 -0.001951769 -0.000468825 0.999996543
1305031124.911448 -0.001106834 -0.007110441 0.003487195 0.002547472 0.003343567 -0.000418646 0.999991059
1305031124.950730 0.000928555 -0.012611948 0.006910654 -0.003099836 0.001137789 0.000600780 0.999994338
1305031124.979438 0.001313169 -0.020247798 0.006649551 -0.000937585 0.000474154 0.002653569 0.999995947
1305031125.011454 -0.002549878 -0.010305439 0.002405153 0.004961743 -0.001477562 0.001086594 0.999985993
1305031125.050763 0.002854263 -0.006345562 0.002758745 0.002733745 -0.002671838 0.000509584 0.999992549
1305031125.079364 -0.000197096 -0.012719068 0.004892335 -0.001360565 0.001217959 0.003161917 0.999993324
1305031125.111364 -0.000888405 -0.012423776 0.004691614 0.000646149 -0.000748476 0.001131513 0.999998868
1305031125.151013 0.003302904 -0.008391181 0.003912552 0.004055814 -0.001255097 -0.002477375 0.999987900
1305031125.179353 -0.002518222 -0.002659708 0.000928007 0.001163954 0.003573437 0.000665906 0.999992728
1305031125.211320 -0.000721922 -0.013122482 0.006438223 -0.003970117 0.001364697 0.000776735 0.999990880
1305031125.250632 -0.001003478 -0.012848990 0.003462647 0.001309025 0.000389249 -0.002293286 0.999996424
1305031125.279467 -0.000878823 -0.004306614 0.000775945 0.003651265 0.000501644 -0.000974906 0.999992728
1305031125.311493 0.000895349 -0.011212547 0.004532899 -0.000549697 0.001425199 0.000948832 0.999998391
1305031125.348880 -0.001636569 -0.005463526 0.001312540 0.004178103 0.001539164 -0.003571222 0.999983728
1305031125.379401 0.003958524 -0.005447683 0.002753481 -0.000398553 0.001077473 -0.003737646 0.999992371
1305031125.411335 0.000986209 -0.006236785 0.001691602 -0.000491110 0.006274427 -0.000487182 0.999980092
1305031125.451195 -0.000714723 -0.006253550 0.004108154 -0.003132282 0.005305864 -0.001721537 0.999979556
1305031125.479424 0.001951177 -0.008304043 0.004027792 -0.000002091 0.003178814 -0.001068904 0.999994397
1305031125.511316 -0.001255530 -0.001584966 -0.001485666 0.000685783 0.004350302 -0.001040492 0.999989748
1305031125.551020 0.001193257 -0.003188066 0.000537061 -0.001154789 0.002695774 -0.001707491 0.999994218
1305031125.579308 0.000985625 -0.002942295 0.001121493 -0.001978741 0.003380525 -0.001951796 0.999990404
1305031125.611533 -0.001200337 -0.004196100 0.001884819 0.000389038 0.003589093 0.000172720 0.999993443
1305031125.650575 -0.005257605 -0.002643648 -0.003437883 0.004166343 0.001585268 0.002654677 0.999986529
1305031125.679328 -0.004919654 0.008613434 -0.007600147 0.005708655 -0.002799285 0.000241076 0.999979734
1305031125.711443 0.002262417 -0.000479330 0.000181462 0.001006873 -0.006245029 0.001648798 0.999978602
1305031125.751260 0.003803528 0.011604561 -0.006710200 0.005988823 -0.003600126 0.001841760 0.999973893
1305031125.779348 0.001552850 0.006562728 -0.002773825 -0.000537322 -0.001469599 -0.002689155 0.999995172
1305031125.811573 0.001125742 0.009665246 -0.004214797 0.000566149 0.000346683 -0.000979699 0.999999285
1305031125.847412 -0.002197567 0.005614066 -0.003451177 -0.003027373 0.002108956 -0.001979728 0.999991238
1305031125.879318 -0.003904707 0.008351628 -0.005790123 -0.000183260 0.000373681 -0.000758879 0.999999642
1305031125.911305 -0.005951921 0.010142970 -0.006698525 -0.003598840 -0.001498919 0.000228975 0.999992371
1305031125.947343 -0.001614630 0.004583117 -0.001504052 -0.004206260 -0.006997317 0.003172266 0.999961615
1305031125.979324 0.001587414 0.012366137 -0.004991116 0.000152862 -0.008277417 0.002858306 0.999961615
1305031126.011333 0.004914746 0.011152222 -0.002218033 -0.002480756 -0.007169444 0.000007982 0.999971211
1305031126.047324 0.001752613 0.011814575 -0.002768932 -0.003393185 -0.001511330 0.000336358 0.999993026
1305031126.079356 0.000732533 0.011997530 -0.001501533 -0.004591822 0.001207212 0.001214525 0.999988019
1305031126.111370 0.001635824 0.008985894 0.000773278 -0.004688373 0.000056614 -0.000151796 0.999988973
1305031126.147432 -0.003786818 0.014833815 -0.002734181 -0.002195899 0.002567202 0.001186610 0.999993563
1305031126.179384 -0.000977930 0.010481798 -0.000702941 -0.007834706 -0.000114886 0.001215224 0.999968588
1305031126.211319 0.002362023 0.008069540 0.000810840 -0.005537934 -0.001482467 0.000218655 0.999983549
1305031126.247298 -0.000435642 0.014627685 -0.002392665 -0.002741714 0.001426605 -0.000156616 0.999995232
1305031126.279363 0.000411961 0.010779087 -0.000699164 -0.005009769 0.001586961 -0.000768012 0.999985874
1305031126.311332 0.000074396 0.013067424 -0.000748551 -0.004747879 0.003176235 -0.001298216 0.999982834
1305031126.347363 -0.002195151 0.009213333 -0.000462084 -0.005370594 0.004648014 -0.001018702 0.999974251
1305031126.379423 -0.003319307 0.010800061 -0.001670816 -0.003924469 0.003983072 -0.001573903 0.999983132
1305031126.411465 -0.002628203 0.010434887 -0.001466019 -0.005059934 0.002476454 -0.001602564 0.999982834
1305031126.447361 -0.000565052 0.005856853 -0.001409382 -0.005946376 0.001201567 0.001445155 0.999980569
1305031126.479533 -0.002729366 0.009854170 -0.002157773 -0.002235411 0.000288223 0.002727618 0.999993742
1305031126.511410 -0.000335784 0.015541391 -0.001659051 -0.001540541 -0.001962208 0.001624733 0.999995589
1305031126.547374 0.005588601 0.007756606 0.000436838 -0.006894122 -0.002722085 0.000898448 0.999972105
1305031126.579454 0.001651930 0.009329833 -0.000825468 -0.004190350 0.001422029 0.002298120 0.999987543
1305031126.611528 -0.000524625 0.007920432 -0.000555249 -0.005574382 0.001915112 0.001624232 0.999981284
1305031126.647376 0.001407832 0.003849467 0.001139283 -0.004878212 0.001343498 0.001774845 0.999985635
1305031126.679479 0.000390345 0.006945422 -0.001426406 -0.001448637 0.001777588 0.004473406 0.999987364
1305031126.711583 0.001617871 0.006711258 -0.000424309 -0.002650923 0.000699430 0.003128978 0.999991357
1305031126.747316 0.001067615 0.000861439 -0.000675198 -0.002345249 0.001282615 0.003021480 0.999991834
1305031126.779379 0.000682079 0.007633486 -0.002069840 0.001414158 0.000587149 0.003206393 0.999993682
1305031126.811602 0.003494952 0.003861887 -0.000831458 -0.000376064 0.000942533 0.000801961 0.999999166
1305031126.847343 -0.000496026 0.002986533 -0.002493116 -0.000787855 0.004359375 0.000710482 0.999989927
1305031126.879357 0.001005767 0.002729949 -0.001227060 -0.000657803 0.001604193 0.000486971 0.999998391
1305031126.911364 0.001733639 0.001620027 -0.000613887 -0.000212245 0.001703103 -0.000410686 0.999998450
1305031126.947437 -0.000905529 0.001061853 -0.001830617 -0.000907779 0.001432218 0.001812943 0.999996901
1305031126.979337 0.000818642 -0.001703407 0.000508187 -0.001084042 -0.001474671 0.000977096 0.999997854
1305031127.011371 0.000783270 -0.000433567 -0.000912108 0.001289718 -0.001159003 0.000238295 0.999998450
1305031127.047297 0.000221369 0.002480819 -0.000671232 0.001871945 -0.000454558 0.001057196 0.999997556
1305031127.079299 -0.000248105 -0.001768436 0.000329529 -0.000875178 -0.000423390 -0.000023126 0.999999523
1305031127.111435 -0.002086022 -0.002575266 0.000258936 -0.000150902 -0.001583333 0.000517155 0.999998569
1305031127.147307 0.000121846 -0.002495920 0.001709168 0.001255304 -0.003789070 0.000126239 0.999992013
1305031127.179349 0.000130930 0.000634667 -0.000359519 0.002914620 -0.002871541 -0.001003116 0.999991119
1305031127.211700 0.002370204 -0.001862970 0.002191585 0.000773189 -0.002503065 -0.000289989 0.999996543
1305031127.247374 0.001345773 -0.004691632 0.001673549 0.001349748 -0.000806909 -0.001137120 0.999998093
1305031127.279465 -0.000941601 -0.000276998 -0.001159931 0.002864007 0.000296151 -0.001305163 0.999994993
1305031127.311362 -0.000728879 -0.003802704 0.002256518 -0.000626741 -0.000801236 -0.000857078 0.999999106
1305031127.347356 -0.000311147 -0.005389927 0.002609069 0.001577070 -0.001617783 -0.001128787 0.999996781
1305031127.379262 -0.001780870 0.000795800 -0.001111327 0.003687485 -0.000136643 -0.000918826 0.999992788
1305031127.411371 -0.000579673 -0.001468853 0.001822422 0.000550282 -0.000927130 -0.000881515 0.999999046
1305031127.447333 -0.000134642 -0.005671012 0.002411943 -0.000006843 -0.001380584 -0.000548503 0.999998868
1305031127.479362 -0.002501149 0.003252188 -0.000531647 0.003770564 0.000101822 -0.001204883 0.999992132
1305031127.511356 -0.000622095 -0.000898167 0.002557875 -0.000755054 -0.000972737 -0.001190387 0.999998510
1305031127.547348 0.000766374 -0.004762335 0.002985433 -0.000494342 -0.001458968 -0.000119335 0.999998808
1305031127.579345 -0.000976843 0.000752773 -0.000386225 0.002413415 0.000017390 -0.000511359 0.999996960
1305031127.611271 -0.000510604 0.000861670 0.000736439 0.000122766 -0.000360037 -0.000135364 0.999999940
1305031127.647358 0.000600853 -0.003917438 0.002476957 -0.001592337 -0.000746935 0.001436893 0.999997437
1305031127.679298 -0.000464180 -0.001195341 -0.000074619 0.001617919 -0.000388995 0.000646281 0.999998391
1305031127.711375 -0.000511269 0.002719318 -0.000686143 0.001575705 -0.000518303 -0.000520500 0.999998510
1305031127.747304 0.001404978 -0.003356515 0.001617890 -0.002056993 -0.001192456 0.000217139 0.999997139
1305031127.779346 -0.000524682 -0.002651836 0.000278275 0.000664262 0.000011117 -0.000061604 0.999999762
1305031127.811829 -0.001563126 0.002176767 -0.001328256 0.002343967 0.000429619 -0.001360129 0.999996245
1305031127.847366 -0.000502494 -0.000872117 0.000366910 -0.000444058 0.000118918 -0.000797929 0.999999583
1305031127.879380 -0.000577514 -0.001941885 0.000367226 -0.000525932 -0.000225393 -0.000352408 0.999999762
1305031127.911476 -0.000995534 0.000512971 -0.000007850 0.000685855 -0.000584563 -0.000509542 0.999999464
1305031127.947366 -0.000788038 0.001246825 0.000245526 -0.000223536 -0.000545662 0.000272848 0.999999762
1305031127.979371 0.000708245 -0.001716460 0.002057224 -0.001969649 -0.001175937 -0.000026784 0.999997377
1305031128.011427 0.000164862 0.000777565 0.001146620 -0.000570080 0.000180949 -0.000048351 0.999999821
1305031128.047369 0.001573386 -0.003376246 0.003642223 -0.003103023 0.000214054 0.001313836 0.999994278
1305031128.079334 -0.000189437 -0.003328040 0.001563972 -0.000516588 0.000306442 0.000920980 0.999999404
1305031128.111391 0.000100681 -0.000319713 0.000398284 0.000902217 -0.000231930 0.000699723 0.999999344
1305031128.147418 0.001018445 -0.000888351 0.001673225 -0.000696633 -0.000590419 0.001669366 0.999998212
1305031128.179350 0.001710481 -0.004640947 0.002070846 -0.000278891 -0.000771314 0.001270069 0.999998868
1305031128.211447 -0.001332904 0.002152700 -0.000943916 0.002915237 0.000607904 0.000173272 0.999995530
1305031128.247480 -0.000280695 0.000654904 0.000158611 -0.000068740 -0.000375652 0.000333909 0.999999881
1305031128.279336 0.000943059 -0.003490743 0.001608598 -0.000996360 -0.000759635 -0.000178838 0.999999225
1305031128.311483 -0.001286426 0.002313125 -0.000869129 0.002263976 0.000585288 -0.000604304 0.999997079
1305031128.347423 -0.000931878 0.000024522 -0.000080435 -0.000051296 0.000281977 -0.000818542 0.999999642
1305031128.379404 -0.000514461 -0.001675919 0.000587890 -0.000680143 -0.000158069 -0.001635449 0.999998391
1305031128.411337 -0.000323306 -0.000735542 -0.000367958 0.000558567 0.000190077 -0.001194824 0.999999106
1305031128.447296 -0.000680905 -0.000152866 -0.000613100 0.000257305 0.000221216 -0.001128987 0.999999285
1305031128.479296 0.000010165 -0.001315119 0.000362794 -0.000629169 -0.000308973 -0.000964860 0.999999285
1305031128.511433 -0.000010305 -0.000701209 -0.000466499 0.000228965 0.000260924 -0.000508614 0.999999821
1305031128.547399 0.000213596 -0.000267017 0.000279165 0.000021796 0.000466749 -0.000548060 0.999999762
1305031128.579455 0.000661676 -0.002569737 0.000360744 -0.000182830 0.000272998 -0.000130380 0.999999940
1305031128.611395 -0.001519775 -0.000362442 -0.001532181 0.001220566 0.000449768 0.000256283 0.999999106
1305031128.647352 -0.001663711 0.000479716 -0.001108627 0.000737584 -0.000638231 -0.000011942 0.999999523
1305031128.679282 0.000641704 -0.001463117 0.000149304 -0.000066074 -0.001688464 -0.000419864 0.999998450
1305031128.711457 0.000516885 0.000601769 -0.000410968 0.001512885 0.000023535 -0.001022311 0.999998331
1305031128.747363 -0.000256460 0.000815169 -0.000913091 0.001083509 0.001215006 -0.001272395 0.999997854
