7133.519338 0.017104590 -0.008940145 -0.001663507 -0.000713274 -0.004660554 -0.004230601 0.999979913
7133.556201 0.034683958 -0.013838170 -0.001441333 0.000705174 -0.008811103 -0.005446994 0.999946117
7133.593065 0.051236708 -0.019726863 -0.001484876 0.001035510 -0.012727045 -0.004697811 0.999907434
7133.629928 0.067146316 -0.024082689 -0.000046619 0.000143372 -0.018074010 -0.004913581 0.999824584
7133.666792 0.079851165 -0.029086409 0.003747002 -0.001789659 -0.024051031 -0.008050865 0.999676704
7133.703655 0.095902346 -0.032452177 0.007162816 -0.002725933 -0.030697018 -0.011419614 0.999459803
7133.740519 0.111138798 -0.037067063 0.008816171 -0.002823722 -0.035627935 -0.012981485 0.999276817
7133.777382 0.126335263 -0.038940459 0.013431532 -0.002929715 -0.040119309 -0.014176463 0.999090016
7133.814245 0.140982226 -0.042099509 0.018657440 -0.002724731 -0.044516411 -0.017972600 0.998843253
7133.851109 0.156066537 -0.046412326 0.024518354 -0.002589694 -0.049074255 -0.023109520 0.998524368
7133.887972 0.169560909 -0.052794714 0.029167436 -0.003590396 -0.052572690 -0.027406866 0.998234451
7133.924836 0.184334263 -0.056629669 0.035176821 -0.003124562 -0.055802770 -0.030694211 0.997965038
7133.961699 0.198393494 -0.061818302 0.039575007 -0.001273170 -0.058476996 -0.035060033 0.997672081
7133.998563 0.214415893 -0.066823192 0.045921836 0.001836731 -0.062102728 -0.040493045 0.997246325
7134.035426 0.229914859 -0.071058020 0.051872615 0.005564502 -0.065339446 -0.045196738 0.996823490
7134.072289 0.246621042 -0.075810388 0.058030970 0.009244327 -0.069493137 -0.050270040 0.996272147
7134.109153 0.262683719 -0.080999590 0.064481407 0.010171250 -0.074711345 -0.057127804 0.995515525
7134.146016 0.279606998 -0.087818302 0.071389489 0.007122507 -0.080622755 -0.063511200 0.994693696
7134.182880 0.297068447 -0.095260672 0.078524001 0.003091141 -0.085964344 -0.067334607 0.994015396
7134.219743 0.314716488 -0.101920478 0.083541662 0.003761612 -0.089197546 -0.068770923 0.993629813
7134.256607 0.332562357 -0.107552946 0.090142272 0.005590216 -0.090911373 -0.067875586 0.993527412
7134.293470 0.348991960 -0.112134524 0.096952148 0.005789235 -0.091927201 -0.065747924 0.993575931
7134.330333 0.365366876 -0.119398646 0.101314835 0.003931610 -0.093202896 -0.064138755 0.993571341
7134.367197 0.382781684 -0.127377033 0.107597806 0.001622993 -0.095900036 -0.062610053 0.993418634
7134.404060 0.400680095 -0.134533361 0.115314513 0.001451894 -0.099900618 -0.062101580 0.993056476
7134.440924 0.418492824 -0.141721830 0.121381886 0.001621119 -0.104444660 -0.062260505 0.992578626
7134.477787 0.436622202 -0.146289602 0.129772589 0.001850600 -0.109343991 -0.063023575 0.992002249
7134.514650 0.452997863 -0.152063414 0.137369424 0.001482279 -0.113584556 -0.064878024 0.991406679
7134.551514 0.469572216 -0.156117678 0.146468133 0.000399404 -0.117829740 -0.067722209 0.990721822
7134.588377 0.489173055 -0.162561521 0.156306893 -0.001345896 -0.122009434 -0.070331194 0.990033031
7134.625241 0.506967187 -0.175705463 0.161052257 -0.003564857 -0.124664500 -0.075693272 0.989301026
7134.662104 0.527176738 -0.187639415 0.168684617 -0.004318028 -0.127569631 -0.081084818 0.988500178
7134.698968 0.547356069 -0.198274985 0.176428095 -0.003157057 -0.130192280 -0.086063698 0.987741411
7134.735831 0.567200601 -0.209899768 0.183912605 -0.001519952 -0.133899540 -0.091900565 0.986723304
7134.772694 0.587429106 -0.223297149 0.189559892 -0.001588190 -0.139870048 -0.100520588 0.985053003
7134.809558 0.607669830 -0.236900821 0.195206642 -0.003307185 -0.147031650 -0.108108535 0.983200550
7134.846421 0.625529706 -0.250179142 0.203322530 -0.006924746 -0.153589293 -0.112430386 0.981693327
7134.883285 0.643538654 -0.263966680 0.210193262 -0.012427025 -0.160024956 -0.114938378 0.980319738
7134.920148 0.660176873 -0.278549641 0.216638148 -0.016279845 -0.166815072 -0.119322158 0.978606105
7134.957011 0.677375495 -0.292750925 0.224624664 -0.018109115 -0.174381003 -0.124910176 0.976555586
7134.993875 0.693114042 -0.305067867 0.231625035 -0.018933304 -0.180605084 -0.130261511 0.974707782
7135.030738 0.707010865 -0.316814631 0.239551514 -0.020157782 -0.184985533 -0.134108543 0.973339081
7135.067602 0.721323848 -0.328108609 0.245364130 -0.021790391 -0.187906295 -0.136700913 0.972383320
7135.104465 0.736436486 -0.338989019 0.252441764 -0.020786507 -0.190844849 -0.139241859 0.971472025
7135.141328 0.750903428 -0.349713564 0.259197652 -0.018283237 -0.194237337 -0.142037481 0.970444739
7135.178192 0.765198171 -0.360234767 0.268128872 -0.016057229 -0.198679119 -0.145326510 0.969097018
7135.215055 0.778883815 -0.369866997 0.277272880 -0.013818691 -0.203285068 -0.148870125 0.967637300
7135.251919 0.792056203 -0.378485650 0.286723465 -0.011986072 -0.208167642 -0.152376413 0.966076612
7135.288782 0.804414153 -0.386822611 0.296054602 -0.010443468 -0.212522328 -0.154573813 0.964796424
7135.325646 0.816662848 -0.395805627 0.305487514 -0.007692610 -0.217206150 -0.157820836 0.963252246
7135.362509 0.828511119 -0.402710617 0.315694779 -0.006405938 -0.222034365 -0.160569176 0.961705387
7135.399372 0.839062095 -0.412211180 0.324916840 -0.007560529 -0.226052493 -0.162355140 0.960460246
7135.436236 0.849555373 -0.420206577 0.334006369 -0.007617048 -0.229127780 -0.163181320 0.959590673
7135.473099 0.859939814 -0.428130180 0.344247401 -0.007659212 -0.232363254 -0.163807154 0.958705306
7135.509963 0.869493544 -0.437255055 0.352803349 -0.007301962 -0.235757187 -0.165883496 0.957521737
7135.546826 0.877941072 -0.445210636 0.361933708 -0.006378003 -0.239557177 -0.168713555 0.956089675
7135.583689 0.885769963 -0.452969044 0.371414453 -0.009881184 -0.243910104 -0.171266541 0.954504073
7135.620553 0.891529799 -0.459952503 0.380477518 -0.013413247 -0.248132721 -0.175441802 0.952612400
7135.657416 0.897703588 -0.467720449 0.389325142 -0.015225922 -0.252177179 -0.179536760 0.950758338
7135.694280 0.901279092 -0.471904904 0.397434652 -0.017937781 -0.255271316 -0.183545053 0.949118555
7135.731143 0.906126261 -0.476053447 0.406353980 -0.022210196 -0.257976234 -0.187234282 0.947574973
7135.768007 0.910896659 -0.480738461 0.415517300 -0.023450496 -0.260299683 -0.191724882 0.946010411
7135.804870 0.916514933 -0.486397415 0.423761904 -0.024323270 -0.263034046 -0.197830796 0.943972707
7135.841733 0.921947658 -0.493006617 0.431976974 -0.023519114 -0.266044468 -0.204512537 0.941722810
7135.878597 0.926713824 -0.499857634 0.439324409 -0.020491881 -0.268650770 -0.209722400 0.939906061
7135.915460 0.932156563 -0.506495059 0.446774334 -0.017579250 -0.271987855 -0.214420617 0.937943161
7135.952324 0.936400712 -0.512799442 0.454677522 -0.014788595 -0.275756419 -0.219873026 0.935625732
7135.989187 0.938616455 -0.518109024 0.461606503 -0.010663840 -0.279014796 -0.224142894 0.933700681
7136.026051 0.939443588 -0.522345603 0.465140820 -0.006722450 -0.281185836 -0.230236322 0.931601107
7136.062914 0.941311836 -0.527343929 0.470901221 -0.003592395 -0.282575667 -0.237486020 0.929375291
7136.099777 0.944206834 -0.529448211 0.477066994 0.000275061 -0.282393008 -0.244734406 0.927555501
7136.136641 0.943834424 -0.532778680 0.482481867 0.003164498 -0.280465722 -0.252083123 0.926165760
7136.173504 0.945671439 -0.539251983 0.486339301 0.007425923 -0.278774798 -0.259393722 0.924632013
7136.210368 0.946259975 -0.546884716 0.489857584 0.011512725 -0.276901752 -0.265080690 0.923539460
7136.247231 0.946767032 -0.553213894 0.493997991 0.013948656 -0.275223672 -0.267111897 0.923422217
7136.284095 0.945986032 -0.559730589 0.498817056 0.016163304 -0.273584753 -0.266252220 0.924121141
7136.320958 0.944845855 -0.567430675 0.501934886 0.018451054 -0.272679031 -0.265170395 0.924656868
7136.357821 0.943524599 -0.570173383 0.507869363 0.020578125 -0.273457110 -0.265942723 0.924160302
7136.394685 0.939716935 -0.577507496 0.510234535 0.020374248 -0.274581015 -0.268909425 0.922972322
7136.431548 0.933510482 -0.580986798 0.512238979 0.019705258 -0.275362343 -0.270722061 0.922223866
7136.468412 0.927227974 -0.586480319 0.515336454 0.016821949 -0.276721895 -0.271714389 0.921581924
7136.505275 0.920097649 -0.589147866 0.518659770 0.013781833 -0.277910560 -0.272395074 0.921073675
7136.542139 0.912742376 -0.593778431 0.522332907 0.009756871 -0.279543430 -0.272033960 0.920737624
7136.579002 0.904143989 -0.598113477 0.526021898 0.004258882 -0.280503750 -0.271095037 0.920764327
7136.615865 0.896569550 -0.602765977 0.530044913 -0.001409282 -0.281931907 -0.267866522 0.921281695
7136.652729 0.888140976 -0.606929541 0.534076512 -0.009489533 -0.283337057 -0.263520092 0.922055960
7136.689592 0.879606962 -0.609392703 0.538957655 -0.017452581 -0.285130620 -0.258546710 0.922794402
7136.726456 0.870131612 -0.612679005 0.544677794 -0.024866240 -0.286873221 -0.253422678 0.923505485
7136.763319 0.858341455 -0.612188816 0.548036158 -0.032402139 -0.287367791 -0.248932064 0.924339056
7136.800182 0.852695465 -0.623446643 0.558347106 -0.041642636 -0.290583938 -0.247146964 0.923442066
7136.837046 0.842323542 -0.628677070 0.564363837 -0.047196638 -0.290191293 -0.246629655 0.923436701
7136.873909 0.832795203 -0.634077072 0.571212173 -0.051987067 -0.288629889 -0.248543099 0.923155725
7136.910773 0.823317945 -0.636466503 0.552579284 -0.052431189 -0.283134848 -0.253336370 0.923529267
7136.947636 0.818500280 -0.651174307 0.567910254 -0.057762872 -0.282105953 -0.255541682 0.922918260
7136.984500 0.803000987 -0.649614751 0.574914694 -0.059737176 -0.275231391 -0.256412983 0.924625099
7137.021363 0.789376378 -0.652981520 0.587383151 -0.065056577 -0.269876093 -0.256211430 0.925899684
7137.058226 0.775532246 -0.657507837 0.601842403 -0.070444435 -0.266405404 -0.257066369 0.926273525
7137.095090 0.760475934 -0.661423087 0.617372572 -0.074308820 -0.264613152 -0.258555949 0.926070690
7137.131953 0.746163547 -0.666601181 0.633548200 -0.077884503 -0.264771581 -0.259222597 0.925545037
7137.168817 0.730947256 -0.671257496 0.650544405 -0.080249935 -0.265980124 -0.259311020 0.924971521
7137.205680 0.715030909 -0.676289320 0.667649090 -0.081094131 -0.268321782 -0.258448064 0.924462974
7137.242543 0.701653719 -0.681538761 0.684112668 -0.083400317 -0.271471649 -0.256608605 0.923850417
7137.279407 0.687798679 -0.688451827 0.700770319 -0.088302799 -0.274053544 -0.254398942 0.923243463
7137.316270 0.672548234 -0.694213808 0.716757476 -0.092375815 -0.275712401 -0.252470881 0.922880173
7137.353134 0.658783019 -0.702734888 0.732064128 -0.095303856 -0.278191894 -0.250494480 0.922376812
7137.389997 0.645353734 -0.712799788 0.746002913 -0.096940137 -0.280890018 -0.248012781 0.922059119
7137.426861 0.631451726 -0.721679330 0.758108377 -0.100576982 -0.281812400 -0.242985293 0.922726512
7137.463724 0.618325293 -0.728540063 0.769556165 -0.106569961 -0.281861067 -0.237988487 0.923341036
7137.500587 0.604471087 -0.736434102 0.779774725 -0.112638123 -0.281660646 -0.236510873 0.923061490
7137.537451 0.590459526 -0.743484616 0.789961815 -0.118316099 -0.281216443 -0.238913313 0.921867132
7137.574314 0.576855600 -0.746845067 0.798378468 -0.123339050 -0.278591722 -0.241901323 0.921226323
7137.611178 0.563647628 -0.750163674 0.806573808 -0.128543764 -0.273967534 -0.244272664 0.921275854
7137.648041 0.550256312 -0.751418412 0.812997699 -0.132401183 -0.267939121 -0.246585652 0.921886146
7137.684905 0.537137508 -0.752099335 0.818725646 -0.136098832 -0.260724902 -0.247484103 0.923174560
7137.721768 0.505021334 -0.759075642 0.795764208 -0.140176430 -0.246040374 -0.253937274 0.924840808
7137.758631 0.491414964 -0.757993758 0.799642920 -0.143748626 -0.238528669 -0.252764493 0.926580012
7137.795495 0.478217185 -0.756172240 0.802546442 -0.146377981 -0.231753692 -0.250158846 0.928592622
7137.832358 0.465604693 -0.753445387 0.804865599 -0.148108020 -0.225758761 -0.246965066 0.930647731
7137.869222 0.455928117 -0.746108651 0.805473447 -0.146420538 -0.220694959 -0.241790116 0.933483958
7137.906085 0.444362283 -0.742980838 0.804730475 -0.146519646 -0.215650707 -0.236311883 0.936046720
7137.942949 0.432340622 -0.738953412 0.802574158 -0.146284238 -0.210743532 -0.229973376 0.938775957
7137.979812 0.421361089 -0.734020650 0.799331665 -0.145758763 -0.205889761 -0.223025084 0.941606939
7138.016675 0.410913289 -0.728222609 0.794417977 -0.144699693 -0.200353011 -0.214597017 0.944917381
7138.053539 0.400092602 -0.722746432 0.787383020 -0.143435776 -0.194090664 -0.205885783 0.948349118
7138.090402 0.390170872 -0.717188418 0.780431926 -0.142441839 -0.188006297 -0.196508527 0.951708138
7138.127266 0.380837709 -0.712484539 0.773965538 -0.142672405 -0.182014957 -0.187663376 0.954619110
7138.164129 0.370555609 -0.706738293 0.766865730 -0.143074125 -0.175672248 -0.179694638 0.957276821
7138.200993 0.360065639 -0.699231267 0.759615242 -0.143598929 -0.169131726 -0.172328591 0.959727407
7138.237856 0.349531263 -0.691476822 0.752804160 -0.144462928 -0.162720263 -0.166520819 0.961729348
7138.274719 0.338764220 -0.685650051 0.746695817 -0.144359887 -0.156956106 -0.163865194 0.963157952
7138.311583 0.326596886 -0.679736972 0.740622640 -0.142577365 -0.150777772 -0.162989378 0.964558065
7138.348446 0.313798040 -0.677920938 0.735720515 -0.140057340 -0.144332945 -0.162576795 0.965981722
7138.385310 0.300945520 -0.673305988 0.730534852 -0.134593338 -0.137371004 -0.161981419 0.967871845
7138.422173 0.288111240 -0.669813275 0.725846887 -0.129805043 -0.130749792 -0.160675973 0.969658911
7138.459036 0.274386823 -0.665076017 0.722276568 -0.125481710 -0.124701746 -0.158716172 0.971345961
7138.495900 0.259776324 -0.661239803 0.719937265 -0.121619619 -0.119726658 -0.157039121 0.972734749
7138.532763 0.244905755 -0.656580031 0.718441069 -0.119052611 -0.115023054 -0.154302806 0.974056900
7138.569627 0.229540497 -0.651021719 0.717823446 -0.115813471 -0.111088909 -0.151998147 0.975265622
7138.606490 0.214071378 -0.646826804 0.717909098 -0.111639813 -0.108515151 -0.151406914 0.976133704
7138.643354 0.198227391 -0.641433597 0.719126284 -0.108290918 -0.105718710 -0.151088387 0.976866901
7138.680217 0.182869941 -0.636275947 0.720899701 -0.104206994 -0.103264399 -0.151729345 0.977474093
7138.717080 0.168899387 -0.630862594 0.723148704 -0.099471070 -0.101276584 -0.152854562 0.978000045
7138.753944 0.154963732 -0.625891626 0.725300491 -0.095097050 -0.099205725 -0.153694361 0.978515625
7138.790807 0.142035902 -0.620752633 0.726404250 -0.091022573 -0.096575253 -0.153280884 0.979230881
7138.827671 0.129239783 -0.615980625 0.726897836 -0.087420352 -0.092830777 -0.151407659 0.980212152
7138.864534 0.116232522 -0.609444022 0.725407839 -0.083230533 -0.088047758 -0.147383586 0.981630445
7138.901397 0.104416288 -0.603971481 0.723325968 -0.078257591 -0.084233046 -0.144201815 0.982846081
7138.938261 0.093096226 -0.600130200 0.721153557 -0.071894825 -0.080614544 -0.140984446 0.984101534
7138.975124 0.083317414 -0.595608652 0.717771471 -0.067006037 -0.076150067 -0.136245504 0.985468686
7139.011988 0.072164312 -0.590341091 0.713698804 -0.063575573 -0.070295483 -0.131811947 0.986733139
7139.048851 0.061245769 -0.584489048 0.708266079 -0.058560472 -0.064815931 -0.130174503 0.987635672
7139.085715 0.052360851 -0.578856349 0.702749908 -0.052206535 -0.059715696 -0.129949957 0.988342822
7139.122578 0.043867413 -0.572825551 0.696770310 -0.046397477 -0.052895769 -0.129132047 0.989127994
7139.159441 0.034908835 -0.565950513 0.690376759 -0.041789170 -0.044177428 -0.128624558 0.989827156
7139.196305 0.026632380 -0.558589697 0.683994651 -0.037744224 -0.035412624 -0.129552662 0.990220904
7139.233168 0.018847499 -0.550141513 0.677807689 -0.034763694 -0.027182003 -0.130879238 0.990415692
7139.270032 0.010433780 -0.541200399 0.671298444 -0.033731118 -0.017994950 -0.131904319 0.990524948
7139.306895 0.001931736 -0.531046689 0.664792418 -0.032631479 -0.008276038 -0.132649273 0.990591168
7139.343759 -0.006160352 -0.519887209 0.658172727 -0.032500394 0.000875193 -0.132303312 0.990675926
7139.380622 -0.014151644 -0.508165598 0.651766896 -0.033313405 0.009383260 -0.131117672 0.990762472
7139.417485 -0.022544224 -0.495369196 0.644974172 -0.034048680 0.017236678 -0.127730012 0.991074502
7139.454349 -0.030355969 -0.481913090 0.637810946 -0.035478763 0.024099510 -0.121278360 0.991691530
7139.491212 -0.038636331 -0.466586590 0.629937351 -0.037106074 0.030924972 -0.112604812 0.992465079
7139.528075 -0.046485916 -0.449803054 0.621139169 -0.038462758 0.036775265 -0.102774702 0.993280172
7139.564939 -0.053586077 -0.431521177 0.611588478 -0.040376157 0.041249134 -0.092152826 0.994070470
7139.601803 -0.060716305 -0.412596732 0.601203442 -0.042578001 0.045929980 -0.081574939 0.994697511
7139.638666 -0.066751488 -0.392864764 0.590387464 -0.045772079 0.051078301 -0.070672445 0.995138824
7139.675529 -0.072131835 -0.372459799 0.578634262 -0.049655523 0.057072420 -0.059643727 0.995349050
7139.712393 -0.072427966 -0.353386313 0.567470133 -0.053268742 0.062255017 -0.049501516 0.995407641
7139.749256 -0.076121293 -0.335014373 0.553605855 -0.056211859 0.068924300 -0.039178975 0.995266140
7139.786119 -0.080733769 -0.317976832 0.537438214 -0.056177702 0.075836174 -0.030272501 0.995076120
7139.822983 -0.085341543 -0.301840723 0.521727800 -0.054360047 0.082745127 -0.020949760 0.994866490
7139.859847 -0.089966744 -0.286261648 0.505466819 -0.051714409 0.088616371 -0.012269037 0.994646788
7139.896710 -0.095039688 -0.270931423 0.489434928 -0.047320057 0.093283273 -0.003614553 0.994507909
7139.933573 -0.100560233 -0.256851852 0.473831356 -0.043226261 0.095839165 0.003415860 0.994451940
7139.970437 -0.105504610 -0.243129671 0.459210902 -0.039531820 0.095873661 0.007194253 0.994582176
7140.007300 -0.109566540 -0.230966970 0.445308387 -0.036137681 0.094858587 0.009125710 0.994792759
7140.044163 -0.113677025 -0.218731329 0.432415843 -0.033476505 0.094236784 0.011430637 0.994921148
7140.081027 -0.118586577 -0.206105337 0.420648545 -0.032388080 0.094388671 0.013604404 0.994915426
7140.117891 -0.122985370 -0.192598358 0.408591360 -0.031001564 0.094797857 0.015275355 0.994896472
7140.154754 -0.127591833 -0.181120098 0.398462445 -0.030432098 0.095689990 0.017420458 0.994793355
7140.191617 -0.131844461 -0.168876559 0.388260931 -0.029164826 0.097570613 0.019943850 0.994601250
7140.228481 -0.134008080 -0.159404889 0.377340615 -0.028650815 0.099712126 0.022449579 0.994350374
7140.265344 -0.136263877 -0.148443833 0.367255181 -0.027365657 0.102061436 0.024039535 0.994111001
7140.302207 -0.140477255 -0.138452753 0.357573926 -0.025908623 0.105379909 0.024932506 0.993781745
7140.339071 -0.144300863 -0.129167706 0.348159432 -0.025327941 0.107906774 0.025845019 0.993502200
7140.375934 -0.147753567 -0.120958224 0.338359982 -0.025383610 0.109338634 0.025326988 0.993357599
7140.412798 -0.153368369 -0.113457888 0.329135954 -0.024977796 0.110713921 0.022901008 0.993274450
7140.449661 -0.157491714 -0.105552375 0.319457054 -0.025234234 0.110910513 0.020388961 0.993300736
7140.486525 -0.162669912 -0.098220631 0.309887499 -0.025405385 0.111703835 0.018001020 0.993253648
7140.523388 -0.167789698 -0.090383790 0.300511509 -0.027557569 0.112313442 0.015693028 0.993166685
7140.560251 -0.173508435 -0.083294265 0.290670544 -0.030456034 0.113236211 0.013741720 0.993006110
7140.597115 -0.179556936 -0.078794599 0.279978931 -0.032807615 0.114747420 0.011672321 0.992784202
7140.633978 -0.185211688 -0.072785735 0.269674629 -0.030621070 0.116387010 0.010458222 0.992676675
7140.670842 -0.192101493 -0.068080969 0.258853853 -0.027748704 0.118245944 0.010382839 0.992542267
7140.707705 -0.202473536 -0.082495190 0.241263464 -0.030682739 0.120871522 0.010201291 0.992141426
7140.744568 -0.220155582 -0.088074461 0.228024721 -0.029535402 0.125793844 0.010821921 0.991557598
7140.781432 -0.244154319 -0.105556346 0.214913189 -0.032560304 0.131615371 0.008269572 0.990731478
7140.818295 -0.277754426 -0.099196091 0.213142455 -0.028096130 0.140493512 0.007697409 0.989652932
7140.855159 -0.288299263 -0.096038237 0.206580505 -0.024454221 0.141333535 0.010370805 0.989605606
7140.892022 -0.299526989 -0.092856668 0.200996146 -0.021302594 0.142500222 0.012498980 0.989486575
7140.928886 -0.326848537 -0.089660801 0.201278403 -0.018389277 0.149584740 0.012526579 0.988498509
7140.965749 -0.340030998 -0.085794248 0.198402241 -0.014789028 0.152261406 0.015312886 0.988110960
7141.002612 -0.354001552 -0.080677710 0.196833864 -0.012313480 0.155540898 0.019666668 0.987556875
7141.039476 -0.367788523 -0.074432671 0.196098119 -0.009863866 0.159321636 0.024669861 0.986869156
7141.076339 -0.382112533 -0.068420969 0.194776714 -0.007219011 0.163893744 0.030333072 0.985985100
7141.113203 -0.394988328 -0.062726386 0.192120716 -0.005247183 0.168050721 0.037225012 0.985061288
7141.150066 -0.410278976 -0.055002455 0.190885261 -0.002943027 0.173447162 0.045164742 0.983802617
7141.186929 -0.425524086 -0.048148125 0.188401252 -0.001709546 0.178726137 0.053551622 0.982438922
7141.223793 -0.442654461 -0.040559813 0.186192587 -0.000986240 0.184329212 0.061283682 0.980951607
7141.260656 -0.456216872 -0.034172747 0.181515604 -0.000791568 0.188767999 0.068829559 0.979606330
7141.297520 -0.473256469 -0.026418315 0.174694628 -0.000033983 0.194462553 0.078840233 0.977736413
7141.334383 -0.487599790 -0.022698829 0.171786457 0.000430605 0.199805781 0.085689642 0.976081312
7141.371247 -0.501091719 -0.019858906 0.168610081 0.000731573 0.204850778 0.090436004 0.974606037
7141.408110 -0.513030827 -0.015639057 0.166295618 0.000567080 0.209229365 0.093706764 0.973366201
7141.444973 -0.522315323 -0.010246164 0.165029794 -0.000458578 0.213018492 0.096685670 0.972252429
7141.481837 -0.531590223 -0.007403710 0.163735464 -0.000067489 0.217659548 0.098702855 0.971021116
7141.518700 -0.526539564 -0.010939300 0.157959774 -0.002295697 0.217366025 0.101304092 0.970816255
7141.555564 -0.527941644 -0.010206754 0.157127202 -0.003070483 0.219010144 0.101167351 0.970458806
7141.592427 -0.530435979 -0.010575835 0.157041609 -0.003908680 0.220527172 0.098798104 0.970356345
7141.629291 -0.532818735 -0.011181959 0.158349574 -0.005747363 0.221018702 0.096159123 0.970500469
7141.666154 -0.532060027 -0.011722127 0.159920678 -0.007424305 0.220133752 0.093875416 0.970913708
7141.703017 -0.529319406 -0.013164393 0.161095724 -0.008315394 0.218718037 0.090781204 0.971520483
7141.739881 -0.527948558 -0.015499751 0.163542747 -0.008009264 0.218022212 0.086353175 0.972082973
7141.776744 -0.522984266 -0.018984839 0.165527403 -0.007137253 0.216584042 0.082646400 0.972733259
7141.813608 -0.516334295 -0.023131877 0.167974502 -0.005637177 0.215052247 0.080567218 0.973257244
7141.850471 -0.507636189 -0.026802562 0.171365008 -0.002686401 0.213042617 0.077891253 0.973929465
7141.887335 -0.499296397 -0.032821327 0.174545914 -0.000272731 0.211013600 0.074336641 0.974652350
7141.924198 -0.489399046 -0.040116139 0.177349776 0.001313844 0.208477288 0.070979878 0.975447237
7141.961061 -0.476466328 -0.046374295 0.181274861 0.003296368 0.204725653 0.066579320 0.976546824
7141.997925 -0.462916940 -0.053298935 0.186161801 0.005257332 0.200524807 0.061516970 0.977741182
7142.034788 -0.448707372 -0.058936857 0.191807240 0.007785709 0.196584314 0.056453072 0.978829443
7142.071652 -0.434884042 -0.065256543 0.197478905 0.009349268 0.193381339 0.051328849 0.979735494
7142.108515 -0.418106914 -0.072570696 0.203507841 0.006649306 0.188846797 0.046900034 0.980863452
7142.145379 -0.401452959 -0.080506675 0.209177509 0.002969592 0.184308395 0.043422412 0.981904328
7142.182242 -0.384278685 -0.088347211 0.215284511 0.000833184 0.179644838 0.039837621 0.982924223
7142.219105 -0.366467118 -0.092834972 0.222412184 0.000403043 0.173205614 0.035939835 0.984229624
7142.255969 -0.368195504 -0.102805138 0.230716497 -0.000554467 0.171507880 0.026108913 0.984836578
7142.292832 -0.352569520 -0.113400139 0.236158267 0.000283628 0.162789553 0.019714056 0.986463785
7142.329696 -0.341600180 -0.124014303 0.241865337 0.001235617 0.155134320 0.015456894 0.987771690
7142.366559 -0.326758146 -0.136862934 0.247263506 -0.000981590 0.145374477 0.014027626 0.989276767
7142.403423 -0.317677885 -0.144424707 0.255128086 -0.001341286 0.138007522 0.012659612 0.990349352
7142.440286 -0.317269951 -0.157617658 0.262203395 -0.004338651 0.133906215 0.008569449 0.990947485
7142.477149 -0.307855397 -0.169255763 0.271942407 -0.008049897 0.127764061 0.003901694 0.991764247
7142.514013 -0.300174594 -0.180843353 0.282296360 -0.011968442 0.125183433 0.000822232 0.992061079
7142.550876 -0.291539639 -0.192079425 0.293186158 -0.015183597 0.124475688 -0.001323538 0.992105603
7142.587740 -0.285055190 -0.203273848 0.304652840 -0.018143300 0.126053616 -0.002468274 0.991854429
7142.624603 -0.277304351 -0.214162305 0.316927105 -0.021222830 0.127596900 -0.001399922 0.991598010
7142.661466 -0.270617038 -0.223998740 0.329299480 -0.025107170 0.129707083 0.001465165 0.991233349
7142.698330 -0.265420645 -0.232241839 0.340021223 -0.027946569 0.131311536 0.004071338 0.990938783
7142.735193 -0.261826307 -0.238612443 0.354796022 -0.030304909 0.131579667 0.004298474 0.990832925
7142.772057 -0.261138082 -0.244536474 0.371000439 -0.033038530 0.132089809 0.004381883 0.990677297
7142.808920 -0.257600039 -0.253438383 0.386554301 -0.037343428 0.132316217 0.005626159 0.990487874
7142.845783 -0.254505754 -0.262874216 0.402520180 -0.042036090 0.132709503 0.004707482 0.990252018
7142.882647 -0.253221244 -0.268499643 0.419383824 -0.044111591 0.133429348 0.002408448 0.990073204
7142.919510 -0.251828581 -0.276240170 0.435924798 -0.046461426 0.132763311 -0.000709086 0.990057945
7142.956374 -0.250438184 -0.280362010 0.453379154 -0.046504568 0.131101012 -0.003027482 0.990273058
7142.993237 -0.248826608 -0.287728727 0.470267057 -0.047315497 0.127576396 -0.006707702 0.990676820
7143.030101 -0.246027678 -0.293660939 0.486930609 -0.049804009 0.122009784 -0.009594760 0.991232097
7143.066964 -0.243430048 -0.299414337 0.503033519 -0.054530073 0.116466857 -0.009503403 0.991650939
7143.103827 -0.239169374 -0.308560610 0.518096149 -0.058758758 0.110795513 -0.007731401 0.992074609
7143.140691 -0.237234712 -0.313743085 0.532545805 -0.060164034 0.106902666 -0.005259204 0.992433608
7143.177554 -0.232415035 -0.323024005 0.545410931 -0.063395515 0.103918523 -0.000477980 0.992563188
7143.214418 -0.227555886 -0.332907349 0.557383835 -0.066389374 0.102855593 0.004102472 0.992469847
7143.251281 -0.222649768 -0.343221128 0.569171667 -0.068876021 0.102175690 0.005655003 0.992362976
7143.288145 -0.218641922 -0.353008509 0.580784380 -0.071931034 0.102455743 0.004659871 0.992122471
7143.325008 -0.211195573 -0.363592446 0.592070639 -0.076422952 0.102157593 0.002653795 0.991824746
7143.361871 -0.204215199 -0.373163551 0.603362620 -0.082026817 0.102873556 -0.000736344 0.991306245
7143.398735 -0.195956126 -0.381446958 0.613834083 -0.087333545 0.103889920 -0.004803134 0.990735412
7143.435598 -0.191828787 -0.387001097 0.624599457 -0.092531092 0.106955737 -0.009662213 0.989901543
7143.472462 -0.179231286 -0.391837388 0.633975625 -0.099695161 0.106011368 -0.012948718 0.989269853
7143.509325 -0.169471473 -0.396145165 0.642847180 -0.105425820 0.105906196 -0.016768208 0.988629401
7143.546189 -0.156784564 -0.401057184 0.650434613 -0.110015266 0.103542298 -0.020761071 0.988303900
7143.583052 -0.143647745 -0.404966891 0.656665504 -0.112950064 0.100413039 -0.024516495 0.988209724
7143.619915 -0.130500853 -0.408606440 0.660993040 -0.114476308 0.097075000 -0.027446857 0.988290608
7143.656779 -0.114039674 -0.411899626 0.664417684 -0.115117610 0.091230638 -0.030686747 0.988677502
7143.693642 -0.103474945 -0.420201570 0.668146670 -0.117249146 0.087487794 -0.035688095 0.988597453
7143.730506 -0.087972030 -0.424220085 0.669837594 -0.116234966 0.081176601 -0.039138436 0.989124835
7143.767369 -0.069942027 -0.425818920 0.670956850 -0.115987189 0.073177867 -0.042989697 0.989618063
7143.804233 -0.052085988 -0.428246111 0.672182739 -0.117142618 0.066064090 -0.047457974 0.989778221
7143.841096 -0.028549772 -0.425670683 0.672768652 -0.116959125 0.056692895 -0.052202515 0.990142107
7143.877959 -0.010456502 -0.426861107 0.673184097 -0.119384639 0.050064974 -0.058875415 0.989835620
7143.914823 0.010967867 -0.425396204 0.672287643 -0.119913742 0.042831946 -0.065477706 0.989696324
7143.951686 0.031370156 -0.424497247 0.670044482 -0.120598324 0.035426166 -0.072752774 0.989397824
7143.988550 0.050530624 -0.423126400 0.666806817 -0.121845394 0.027697919 -0.081054844 0.988846123
7144.025413 0.068994798 -0.421885252 0.662619710 -0.123889022 0.020412324 -0.089145415 0.988072813
7144.062277 0.086316921 -0.419579089 0.657095969 -0.125483647 0.013759397 -0.097713739 0.987176061
7144.099140 0.102285795 -0.418626249 0.650412023 -0.125640959 0.007573991 -0.108236305 0.986124694
7144.136003 0.116490349 -0.415958196 0.642230153 -0.122895047 0.002950699 -0.117855042 0.985392451
7144.172867 0.128897339 -0.413166136 0.632455468 -0.119590655 -0.000405635 -0.126119271 0.984780073
7144.209730 0.140816957 -0.409076720 0.621951163 -0.115409382 -0.003363841 -0.132621169 0.984419107
7144.246594 0.150870264 -0.403829187 0.610320330 -0.110705324 -0.005667903 -0.138292447 0.984168351
7144.283457 0.160701245 -0.398831844 0.598662436 -0.105608307 -0.008647581 -0.144199565 0.983859003
7144.320320 0.169356510 -0.393581301 0.586927950 -0.099870004 -0.011556514 -0.150378764 0.983503222
7144.357184 0.176594689 -0.387254506 0.574148297 -0.093520060 -0.013721404 -0.155849218 0.983248055
7144.394047 0.182872340 -0.379806638 0.560347021 -0.088453732 -0.014950436 -0.160140738 0.983009338
7144.430911 0.189897045 -0.372429371 0.547175169 -0.084749065 -0.016322043 -0.162666485 0.982899189
7144.467774 0.197365031 -0.365688771 0.534072757 -0.083252169 -0.017562546 -0.164435729 0.982711315
7144.504637 0.204109758 -0.357517123 0.520845711 -0.082021929 -0.018105920 -0.166403592 0.982473612
7144.541501 0.209606916 -0.349359453 0.506282508 -0.080389753 -0.016962053 -0.168199137 0.982323170
7144.578364 0.216413081 -0.341612279 0.493107945 -0.078234434 -0.015366998 -0.167616025 0.982623041
7144.615228 0.222882107 -0.334916472 0.477519095 -0.076042600 -0.013000126 -0.165757924 0.983144343
7144.652091 0.231989592 -0.308414072 0.481432378 -0.067967959 -0.014120265 -0.160173848 0.984644771
7144.688955 0.235573888 -0.300584435 0.464222789 -0.065801345 -0.011021668 -0.152965233 0.985976875
7144.725818 0.241122648 -0.291622519 0.447866648 -0.065254688 -0.009666205 -0.145620927 0.987138748
7144.762681 0.243663192 -0.280527651 0.429653764 -0.064542674 -0.008141180 -0.140330866 0.987965167
7144.799545 0.247184739 -0.271809429 0.412110388 -0.064057849 -0.007495280 -0.137638003 0.988380611
7144.836408 0.250748217 -0.262902886 0.395460874 -0.062541097 -0.007508770 -0.136769444 0.988598168
7144.873272 0.253371567 -0.257481664 0.379432142 -0.063123107 -0.007810004 -0.136417523 0.988607466
7144.910135 0.254709184 -0.250429749 0.364302307 -0.061149325 -0.008860310 -0.136532694 0.988706768
7144.946999 0.256337255 -0.244827062 0.351032376 -0.057844352 -0.010985506 -0.137282476 0.988780499
7144.983862 0.259216785 -0.239947677 0.338623822 -0.053285606 -0.013876447 -0.138120651 0.988883615
7145.020725 0.260182202 -0.236157894 0.326919168 -0.049396671 -0.015916705 -0.137425393 0.989151597
7145.057589 0.262790829 -0.229707122 0.317324966 -0.044294603 -0.018292926 -0.136233032 0.989517033
7145.094452 0.270189047 -0.238836795 0.304960042 -0.043676481 -0.023266373 -0.136369392 0.989421248
7145.131315 0.273732454 -0.234387323 0.295877814 -0.039364282 -0.026994033 -0.136397436 0.989503682
7145.168179 0.277511805 -0.231871396 0.286489546 -0.035077896 -0.029308237 -0.134752154 0.989824414
7145.205043 0.282515675 -0.230021939 0.277339786 -0.029612402 -0.030644950 -0.132495537 0.990267098
7145.241906 0.285682231 -0.224707037 0.268534273 -0.024262119 -0.029484283 -0.127796426 0.991065145
7145.278769 0.293869168 -0.211732909 0.265589595 -0.016035197 -0.028637039 -0.120492294 0.992171586
7145.315633 0.297423691 -0.206872210 0.260315955 -0.010266773 -0.025476091 -0.114230081 0.993074536
7145.352496 0.300107419 -0.205381289 0.258168042 -0.007768463 -0.021854308 -0.109987035 0.993662357
7145.389359 0.303351879 -0.199678823 0.257354617 -0.005744128 -0.015918257 -0.104808427 0.994348407
7145.426223 0.309478998 -0.198206484 0.257166594 -0.005030109 -0.009463131 -0.101227038 0.994805634
7145.463087 0.310637593 -0.195967466 0.256327122 -0.004766348 -0.001529685 -0.100741729 0.994899988
7145.499950 0.310729086 -0.192957357 0.256156266 -0.004661850 0.006985916 -0.099422775 0.995009840
7145.536813 0.309434354 -0.188432828 0.258029491 -0.005693413 0.015539176 -0.095264994 0.995314360
7145.573677 0.309640765 -0.186007917 0.259401411 -0.008654696 0.023365166 -0.089196712 0.995702326
7145.610540 0.338772595 -0.186990991 0.264546961 -0.011062549 0.019424541 -0.082028396 0.996379256
7145.647403 0.337639540 -0.180229455 0.267904192 -0.010533864 0.023523647 -0.077411354 0.996666014
7145.684267 0.350115985 -0.192314282 0.259195924 -0.011945397 0.021474661 -0.080101192 0.996483803
7145.721131 0.342893153 -0.188869938 0.257521540 -0.010177359 0.028870957 -0.076122142 0.996628463
7145.757994 0.333163023 -0.181802064 0.255503654 -0.007975798 0.037799966 -0.071905173 0.996663034
7145.794857 0.324338228 -0.169921219 0.256136686 -0.003780438 0.046362139 -0.067249194 0.996651292
7145.831721 0.314556360 -0.158882022 0.255227864 -0.000246061 0.054260764 -0.062966667 0.996539474
7145.868584 0.299503028 -0.148392856 0.249736473 0.002879419 0.062630080 -0.058283359 0.996329367
7145.905447 0.286859155 -0.135171831 0.246929482 0.004771146 0.068724155 -0.052933212 0.996218979
7145.942311 0.274352282 -0.122070290 0.243761897 0.000937038 0.074827582 -0.045549791 0.996155202
7145.979174 0.258333206 -0.110246018 0.240184009 -0.002284151 0.081439793 -0.037986130 0.995951533
7146.016038 0.267755687 -0.103085741 0.229741752 -0.003697230 0.078578383 -0.035896830 0.996254563
7146.052901 0.256474495 -0.094625957 0.222090110 -0.006396975 0.081949472 -0.029160736 0.996189237
7146.089765 0.244580999 -0.086277634 0.216431931 -0.009503167 0.086081095 -0.021629853 0.996007979
7146.126628 0.233714521 -0.076959111 0.216351777 -0.013338177 0.090086207 -0.015175695 0.995729029
7146.163491 0.217904121 -0.068612047 0.213437662 -0.017160339 0.095436610 -0.008959175 0.995247245
7146.200355 0.203760266 -0.062688135 0.211431384 -0.018580638 0.099437833 -0.005259693 0.994856358
7146.237218 0.190049067 -0.057562247 0.211970001 -0.019924715 0.102503344 -0.001999701 0.994531095
7146.274082 0.174314141 -0.051595867 0.215079859 -0.020518299 0.105567984 0.001479594 0.994199276
7146.310945 0.156993762 -0.045453265 0.219218239 -0.020467196 0.107740767 0.004233305 0.993959308
7146.347809 0.138959125 -0.042530768 0.222252682 -0.020849086 0.108768880 0.004318990 0.993839025
7146.384672 0.119512394 -0.036219906 0.230524868 -0.020108290 0.109162867 0.004982182 0.993807971
7146.421535 0.092431605 -0.039291956 0.233307123 -0.021703230 0.111906253 0.003755704 0.993474662
7146.458399 0.069242485 -0.039777607 0.239968359 -0.022162288 0.112149566 0.004157860 0.993435442
7146.495262 0.052824020 -0.033071276 0.252875537 -0.019873848 0.108432479 0.006994316 0.993880510
7146.532126 -0.038339317 -0.022104673 0.346702367 -0.017713014 0.136592314 -0.007438733 0.990441024
7146.568989 -0.117084578 -0.029280048 0.344576716 -0.017849911 0.154963195 -0.012151228 0.987684250
7146.605852 -0.136486977 -0.028763758 0.357616335 -0.015306283 0.151816994 -0.011156310 0.988227129
7146.642716 -0.158728436 -0.033153895 0.367960513 -0.014019961 0.150997475 -0.009538109 0.988388717
7146.679579 -0.176791146 -0.033621088 0.379934609 -0.013637893 0.150360033 -0.005900402 0.988519609
7146.716443 -0.201397210 -0.039107412 0.389173746 -0.019538434 0.153357968 -0.000383601 0.987977445
7146.753306 -0.218868360 -0.043734666 0.398779780 -0.021883246 0.154867560 0.005614454 0.987676859
7146.790169 -0.237694263 -0.048025128 0.407009482 -0.017295437 0.156970888 0.006292474 0.987431705
7146.827033 -0.254734308 -0.052364361 0.414694309 -0.013229236 0.159855872 0.007944753 0.987019718
7146.863896 -0.272023439 -0.055958990 0.420983166 -0.012335419 0.164628878 0.012695842 0.986196756
7146.900760 -0.288444787 -0.057622623 0.427083671 -0.012822762 0.170147330 0.016591737 0.985195518
7146.937623 -0.302887678 -0.060115617 0.431941211 -0.012299416 0.175285280 0.016592426 0.984301031
7146.974487 -0.318380892 -0.060777221 0.437209487 -0.011732146 0.181189358 0.013998937 0.983278573
7147.011350 -0.333497852 -0.060759261 0.442817211 -0.013037448 0.187354475 0.011413612 0.982139528
7147.048213 -0.350434601 -0.060269490 0.449144185 -0.015072593 0.193958178 0.008226511 0.980859518
7147.085077 -0.366941214 -0.059101284 0.455218822 -0.016924856 0.200102031 0.005086679 0.979615688
7147.121940 -0.384607941 -0.057077102 0.460744143 -0.018952006 0.206272230 0.003107315 0.978306174
7147.158804 -0.402765185 -0.054182071 0.466193259 -0.020455014 0.211831823 0.001864899 0.977090299
7147.195667 -0.421295106 -0.049927935 0.471159965 -0.020193217 0.216432557 0.001356646 0.976087749
7147.232531 -0.441326946 -0.046140999 0.475011200 -0.019115200 0.220061213 0.001437294 0.975297689
7147.269394 -0.460524291 -0.042897247 0.477502763 -0.018369310 0.222079620 0.001979476 0.974853456
7147.306257 -0.479284912 -0.038062453 0.479839206 -0.016903881 0.222950608 0.003252362 0.974677742
7147.343121 -0.499715745 -0.031719156 0.482376665 -0.014091936 0.223620236 0.004001797 0.974566221
7147.379984 -0.520689368 -0.023875196 0.483646780 -0.010153580 0.224339738 0.006367671 0.974437296
7147.416848 -0.581340015 -0.026006859 0.488890201 -0.009705083 0.239784375 0.005244774 0.970763505
7147.453711 -0.602584243 -0.021458622 0.485363632 -0.007708813 0.239879891 0.008755953 0.970732450
7147.490575 -0.625641048 -0.016721334 0.481488794 -0.004833043 0.240800381 0.012978241 0.970475852
7147.527438 -0.648753822 -0.012920268 0.477962732 0.000031397 0.242138043 0.014992096 0.970125973
7147.564301 -0.671665907 -0.009276537 0.474242449 0.005969217 0.244030952 0.016274702 0.969612479
7147.601165 -0.694406569 -0.009256025 0.468889296 0.009381889 0.246511385 0.017941460 0.968928397
7147.638028 -0.715870857 -0.007627233 0.465330482 0.011888529 0.249494568 0.018354578 0.968129218
7147.674892 -0.736312866 -0.004470191 0.464115679 0.013072524 0.253330201 0.018437525 0.967115819
7147.711755 -0.754173756 -0.001236670 0.463860601 0.013764550 0.257606566 0.018542230 0.965973914
7147.748619 -0.772079349 0.001421071 0.464163542 0.014873304 0.262817502 0.017786093 0.964566946
7147.785482 -0.788520277 0.004316179 0.464826047 0.016698007 0.268413335 0.017601015 0.962998271
7147.822345 -0.805114985 0.007170076 0.465957493 0.018676795 0.274502844 0.017894581 0.961238325
7147.859209 -0.821933508 0.009571172 0.468294829 0.020148024 0.280800551 0.018272873 0.959380627
7147.896072 -0.837894261 0.012107896 0.471856713 0.022534363 0.286759049 0.018693388 0.957555234
7147.932936 -0.852740228 0.014520599 0.476892084 0.025138067 0.291891783 0.018047927 0.955950618
7147.969799 -0.867644668 0.015140285 0.482427537 0.027305586 0.296456695 0.017713821 0.954491496
7148.006663 -0.882396221 0.015995516 0.489148617 0.030415276 0.300780982 0.017761752 0.953042626
7148.043526 -0.896719217 0.018689558 0.497472644 0.034993645 0.304838628 0.018223442 0.951586425
7148.080389 -0.910527945 0.020239625 0.505026639 0.039764531 0.308684379 0.021104356 0.950098574
7148.117253 -0.924632668 0.020513769 0.512716174 0.044057362 0.312266976 0.024607971 0.948653102
7148.154116 -0.939640582 0.020808354 0.520690680 0.047569405 0.315288842 0.027871368 0.947392881
7148.190980 -0.954382956 0.019511603 0.528304458 0.047784351 0.317482650 0.032050591 0.946516871
7148.227843 -0.968465865 0.019471215 0.536870122 0.046850123 0.319346786 0.036917783 0.945758820
7148.264706 -0.982071102 0.018620029 0.544738650 0.048271995 0.321393728 0.039234113 0.944900274
7148.301570 -0.995836735 0.016696282 0.551653802 0.052122835 0.323882550 0.038292374 0.943884015
7148.338433 -1.010617852 0.011467682 0.557762802 0.052548662 0.326940507 0.038010243 0.942816913
7148.375297 -1.025037289 0.008496811 0.563180864 0.051907059 0.330681771 0.038972296 0.941507518
7148.412160 -1.038766980 0.006230315 0.567013383 0.052358434 0.334608942 0.038049489 0.940131724
7148.449023 -1.053962827 0.003390902 0.571265876 0.055276651 0.339070767 0.033768639 0.938528180
7148.485887 -1.069777966 -0.000280243 0.574980915 0.058244079 0.343860775 0.029233973 0.936756492
7148.522750 -1.085196018 -0.002566629 0.578460991 0.060848452 0.348496318 0.025994940 0.934971690
7148.559614 -1.100361705 -0.004852313 0.581639409 0.063797608 0.353044629 0.023018649 0.933144927
7148.596477 -1.115435362 -0.006623505 0.584742308 0.066698372 0.357593536 0.020286791 0.931271493
7148.633341 -1.131776690 -0.007122288 0.588739395 0.069244221 0.362752467 0.018582420 0.929123521
7148.670204 -1.147676349 -0.007843719 0.592352331 0.072320029 0.368149728 0.017184107 0.926790297
7148.707067 -1.163881183 -0.006653741 0.597113311 0.075369425 0.374251187 0.016152607 0.924118280
7148.743931 -1.180291653 -0.006017655 0.601884544 0.077074438 0.380489439 0.015428583 0.921438694
7148.780794 -1.196722507 -0.005106499 0.606397986 0.077745751 0.387315482 0.016618777 0.918513000
7148.817658 -1.213588357 -0.002946805 0.610442877 0.078688778 0.394734025 0.018790120 0.915226758
7148.854521 -1.232106090 0.000270793 0.615622640 0.080267236 0.402477294 0.021694669 0.911646068
7148.891385 -1.251213670 0.005647671 0.621245086 0.081337512 0.409499377 0.025694979 0.908313930
7148.928248 -1.271452069 0.011600227 0.626955211 0.082905777 0.415653676 0.029885637 0.905243337
7148.965111 -1.293091416 0.017340720 0.633197963 0.084014274 0.421016395 0.033680316 0.902525604
7149.001975 -1.315228939 0.024599897 0.641391039 0.084040850 0.425260276 0.036770005 0.900410354
7149.038838 -1.335428834 0.029141570 0.646923959 0.081250727 0.427629769 0.038951583 0.899451971
7149.075702 -1.356214523 0.032900572 0.653538048 0.079173230 0.430155188 0.039479490 0.898409426
7149.112565 -1.378038645 0.033854228 0.659462452 0.077413201 0.433279246 0.039934218 0.897040427
7149.149429 -1.400060534 0.035343319 0.665338874 0.075887531 0.436300278 0.043481406 0.895540357
7149.186292 -1.422735214 0.035382077 0.671166539 0.076138802 0.439083159 0.047311019 0.893963397
7149.223155 -1.443191886 0.036587838 0.677240431 0.079189882 0.441173404 0.053597871 0.892312884
7149.260019 -1.462425113 0.038053870 0.684511065 0.082283512 0.442475885 0.061684292 0.890864491
7149.296882 -1.478785396 0.037269749 0.691262960 0.084443994 0.442715853 0.069519378 0.889965713
7149.333746 -1.496226192 0.034941997 0.699412167 0.085968584 0.443669349 0.074557520 0.888936460
7149.370609 -1.509588599 0.035674397 0.705955386 0.088137738 0.444561392 0.078623280 0.887927532
7149.407473 -1.525326252 0.034261826 0.713797688 0.087758243 0.447518736 0.081836089 0.886187494
7149.444336 -1.540092826 0.034201942 0.722661853 0.087483861 0.451864779 0.083181135 0.883881032
7149.481199 -1.552595377 0.036004376 0.730655491 0.086989000 0.456875801 0.082294807 0.881433487
7149.518063 -1.567104697 0.035496652 0.740560591 0.085927598 0.464087337 0.081030317 0.877880096
7149.554926 -1.581847906 0.034407366 0.751693666 0.085778780 0.472046107 0.079600409 0.873772442
7149.591790 -1.594692469 0.030894164 0.760677695 0.085762322 0.478760272 0.078270994 0.870233953
7149.628653 -1.607574105 0.028036727 0.773441076 0.089005880 0.485304475 0.077003382 0.866387904
7149.665517 -1.624999166 0.030554308 0.792386591 0.095314577 0.492341518 0.073589765 0.862032175
7149.702380 -1.637933612 0.028395446 0.804374695 0.098886989 0.495688230 0.072453365 0.859805226
7149.739243 -1.649858475 0.027164793 0.815505683 0.100795083 0.496827811 0.073912688 0.858801126
7149.776107 -1.662342787 0.022756953 0.828341067 0.101243064 0.496946931 0.076158777 0.858483195
7149.812970 -1.674100161 0.016659772 0.840765774 0.097246602 0.495493203 0.076324731 0.859769821
7149.849834 -1.685942292 0.011944405 0.853051960 0.096887365 0.493716925 0.074099615 0.861025929
7149.886697 -1.696901679 0.005769263 0.862975717 0.098870590 0.491292864 0.069444247 0.862573743
7149.923560 -1.713364005 -0.005374942 0.876097500 0.099355675 0.489838183 0.065657265 0.863641202
7149.960424 -1.729297757 -0.010720569 0.888329804 0.098844208 0.487814158 0.065794230 0.864834249
7149.997287 -1.745150805 -0.013783351 0.900893509 0.098866247 0.486070991 0.069202177 0.865546942
7150.034151 -1.759856582 -0.014469747 0.912312090 0.097566292 0.484623402 0.073742665 0.866131067
7150.071014 -1.775002241 -0.013663651 0.922634661 0.097694583 0.484357655 0.076952063 0.865986049
7150.107877 -1.790808320 -0.010912349 0.933410466 0.097655706 0.485641003 0.078933433 0.865092874
7150.144741 -1.807257891 -0.007128577 0.945158660 0.096375912 0.487977177 0.080470771 0.863779128
7150.181604 -1.825448275 -0.001923405 0.958139777 0.093987785 0.490877092 0.082305685 0.862224877
7150.218468 -1.844503164 0.003892691 0.969047189 0.091943465 0.493165731 0.082712285 0.861099660
7150.255331 -1.864251256 0.011637476 0.979789197 0.090210639 0.495365411 0.083874121 0.859907150
7150.292195 -1.883338690 0.018122897 0.990948439 0.089031689 0.497579753 0.086761139 0.858463883
7150.329058 -1.905280948 0.021771807 1.001093626 0.090214610 0.500758290 0.089388505 0.856219709
7150.365921 -1.925505996 0.023997230 1.008463264 0.092749037 0.503847778 0.091183513 0.853944182
7150.402785 -1.944833875 0.024166713 1.014035106 0.095849685 0.507086396 0.091601104 0.851636887
7150.439648 -1.964773893 0.021379126 1.020526767 0.097708017 0.510927677 0.091897614 0.849094152
7150.476512 -1.984582424 0.019692285 1.029422402 0.100563966 0.515431166 0.092644162 0.845951915
7150.513375 -2.002649784 0.017012276 1.038348198 0.102704443 0.519755840 0.093097568 0.842993796
7150.550238 -2.017846823 0.016154924 1.046314001 0.104457840 0.523063660 0.092590339 0.840785325
7150.587102 -2.032849789 0.012278882 1.055946946 0.105008975 0.526020169 0.092196770 0.838913381
7150.623966 -2.046598196 0.011575487 1.073742151 0.105435096 0.529225051 0.090004750 0.837080300
7150.660829 -2.058013201 0.007269959 1.086268783 0.104275145 0.529993057 0.088532239 0.836896718
7150.697692 -2.057393312 0.033820231 1.113362074 0.108708397 0.530671179 0.083004199 0.836469293
7150.734555 -2.052890301 0.080630660 1.157247066 0.118375026 0.533447325 0.074072905 0.834226906
7150.771419 -2.070309162 0.087760456 1.212065339 0.121045999 0.541384578 0.073638961 0.828750789
7150.808282 -2.077647448 0.084991075 1.227424264 0.122870594 0.540685594 0.078340076 0.828507543
