1657228969.795688 0.000000000 0.000000000 0.000000000 0.000000000 0.000000000 0.000000000 1.000000000
1657228969.829307 0.000377861 -0.000073552 -0.000895176 -0.000004990 -0.000002266 -0.000005057 1.000000000
1657228969.863789 0.000532558 0.000013823 -0.001044799 -0.000000346 -0.000004424 -0.000023237 1.000000000
1657228969.895412 -0.000454564 0.000120422 -0.000702932 -0.000007274 -0.000002580 -0.000030362 1.000000000
1657228969.928716 -0.000570608 0.000282217 -0.001390126 -0.000015833 -0.000015661 -0.000012287 1.000000000
1657228969.961961 -0.000583462 0.000134697 -0.001484119 -0.000016344 -0.000025917 -0.000037190 1.000000000
1657228969.995758 -0.000355573 -0.000175527 -0.001825170 -0.000022104 -0.000033841 -0.000037516 1.000000000
1657228970.029747 -0.138928160 -0.244061917 -0.156565025 -0.000058599 0.000007260 -0.000070838 1.000000000
1657228970.064258 -0.138928160 -0.244061902 -0.156565011 -0.000056654 0.000005389 -0.000068561 1.000000000
1657228970.095864 -0.138928160 -0.244061902 -0.156565011 -0.000057813 0.000006240 -0.000069272 1.000000000
1657228970.128879 -0.138675451 -0.243961394 -0.156983927 -0.000059540 -0.000008188 -0.000099450 1.000000000
1657228970.162112 -0.138484851 -0.244633004 -0.158551261 -0.000077863 -0.000006389 -0.000066476 1.000000000
1657228970.195946 -0.138151318 -0.244380042 -0.158869222 -0.000084295 -0.000007263 -0.000076447 1.000000000
1657228970.228939 -0.138185605 -0.243788317 -0.158971161 -0.000085414 -0.000017977 -0.000083955 1.000000000
1657228970.262320 -0.138716698 -0.244216219 -0.158874542 -0.000089008 -0.000021665 -0.000052326 1.000000000
1657228970.295577 -0.138365507 -0.243949056 -0.159250811 -0.000113721 -0.000031201 -0.000032185 1.000000000
1657228970.328907 -0.135939613 -0.222518325 -0.176352918 -0.000133839 -0.000042244 0.000007784 1.000000000
1657228970.362356 -0.135533750 -0.222178027 -0.176634267 -0.000139907 -0.000050577 -0.000015838 1.000000000
1657228970.396176 -0.135285616 -0.222229153 -0.177048594 -0.000174350 -0.000069237 -0.000017460 1.000000000
1657228970.428896 -0.136556804 -0.221924007 -0.178273708 -0.000182099 -0.000081688 -0.000047640 1.000000000
1657228970.462285 -0.136371568 -0.222046107 -0.178601354 -0.000211747 -0.000095709 0.000001963 0.999999940
1657228970.495815 -0.136371344 -0.222045988 -0.178601608 -0.000235325 -0.000103739 0.000067608 0.999999940
1657228970.528909 -0.136371359 -0.222046003 -0.178601623 -0.000238674 -0.000109557 0.000072159 0.999999940
1657228970.562547 -0.136419609 -0.221978426 -0.178757012 -0.000253891 -0.000123836 0.000094794 0.999999940
1657228970.596176 -0.136358932 -0.222365260 -0.178722158 -0.000248192 -0.000125939 0.000099776 0.999999940
1657228970.629415 -0.136187896 -0.222399279 -0.178786486 -0.000252472 -0.000130151 0.000098161 0.999999940
1657228970.662750 -0.134260729 -0.223042876 -0.180258125 -0.000271661 -0.000129949 0.000150535 0.999999940
1657228970.695557 -0.134518400 -0.222573400 -0.180284634 -0.000301437 -0.000132644 0.000212951 0.999999940
1657228970.729236 -0.134680748 -0.222421318 -0.180478603 -0.000304017 -0.000133616 0.000207488 0.999999940
1657228970.762636 -0.132788658 -0.222538978 -0.181990951 -0.000304760 -0.000125250 0.000197887 0.999999940
1657228970.796080 -0.132103994 -0.222672597 -0.182401597 -0.000301487 -0.000115698 0.000173664 0.999999940
1657228970.828944 -0.131609097 -0.222867548 -0.182570547 -0.000289323 -0.000113311 0.000144869 0.999999940
1657228970.862321 -0.130339667 -0.222641066 -0.182666466 -0.000283360 -0.000117831 0.000134795 0.999999940
1657228970.895784 -0.129795164 -0.222839281 -0.183011264 -0.000277328 -0.000104024 0.000157204 0.999999940
1657228970.929863 -0.128435344 -0.223620236 -0.183500394 -0.000290738 -0.000106804 0.000215957 0.999999940
1657228970.962494 -0.127971753 -0.223848477 -0.183860153 -0.000288992 -0.000096100 0.000245456 0.999999940
1657228970.995995 -0.127971724 -0.223848492 -0.183860138 -0.000283320 -0.000091783 0.000228987 0.999999940
1657228971.029118 -0.127514318 -0.223823503 -0.184078157 -0.000278481 -0.000072835 0.000235089 0.999999940
1657228971.062681 -0.127480790 -0.223646060 -0.184177756 -0.000294381 -0.000070466 0.000228875 0.999999940
1657228971.095640 -0.127480790 -0.223646075 -0.184177756 -0.000293147 -0.000068756 0.000229854 0.999999940
1657228971.129143 -0.124670662 -0.225732014 -0.184549242 -0.000285637 -0.000068753 0.000246277 0.999999940
1657228971.162751 -0.124673806 -0.226298332 -0.184353560 -0.000282732 -0.000058642 0.000265409 0.999999940
1657228971.195765 -0.124872699 -0.226590186 -0.183950007 -0.000269154 -0.000039526 0.000238558 0.999999940
1657228971.229184 -0.125173718 -0.226124361 -0.183690161 -0.000286054 -0.000043048 0.000269802 0.999999940
1657228971.262539 -0.125713959 -0.227732778 -0.183455497 -0.000299930 -0.000040758 0.000318815 0.999999881
1657228971.296421 -0.124984249 -0.228925407 -0.183430314 -0.000294650 -0.000055790 0.000330903 0.999999881
1657228971.329506 -0.127013415 -0.230455816 -0.185717806 -0.000300609 -0.000065341 0.000356599 0.999999881
1657228971.362704 -0.124927625 -0.230727360 -0.186225846 -0.000314228 -0.000069810 0.000411205 0.999999881
1657228971.395878 -0.124688491 -0.230744228 -0.186242729 -0.000321206 -0.000072610 0.000386824 0.999999881
1657228971.429051 -0.124687977 -0.231126636 -0.186243057 -0.000337282 -0.000051402 0.000405091 0.999999881
1657228971.462429 -0.124179691 -0.230771512 -0.186592862 -0.000355543 -0.000054343 0.000408333 0.999999821
1657228971.495735 -0.124179684 -0.230771527 -0.186592862 -0.000355936 -0.000053611 0.000407977 0.999999821
1657228971.529078 -0.123790286 -0.231119514 -0.186540842 -0.000340238 -0.000060430 0.000376290 0.999999881
1657228971.562747 -0.124088608 -0.231234282 -0.186679065 -0.000347491 -0.000057189 0.000408688 0.999999821
1657228971.595792 -0.124236278 -0.231025293 -0.186652109 -0.000340462 -0.000056932 0.000368713 0.999999881
1657228971.629196 -0.124248840 -0.230847418 -0.186777279 -0.000336616 -0.000044917 0.000354353 0.999999881
1657228971.662640 -0.123981558 -0.230465218 -0.186832294 -0.000315299 -0.000038909 0.000309854 0.999999881
1657228971.695871 -0.123981558 -0.230465218 -0.186832294 -0.000316730 -0.000035487 0.000309024 0.999999881
1657228971.729455 -0.123009868 -0.228574619 -0.185834020 -0.000291140 -0.000019503 0.000239399 0.999999940
1657228971.762497 -0.122670703 -0.228128463 -0.185197219 -0.000310245 -0.000023442 0.000360086 0.999999881
1657228971.796294 -0.122531123 -0.227885351 -0.185382307 -0.000324166 -0.000020381 0.000397075 0.999999881
1657228971.829248 -0.121911891 -0.227197841 -0.185310572 -0.000320435 -0.000038208 0.000389889 0.999999881
1657228971.862512 -0.121096730 -0.226708844 -0.185299739 -0.000321359 -0.000032580 0.000429652 0.999999821
1657228971.895835 -0.120874785 -0.226057619 -0.185315534 -0.000291428 -0.000016466 0.000320741 0.999999881
1657228971.929473 -0.120874777 -0.226057589 -0.185315534 -0.000288217 -0.000010921 0.000343813 0.999999881
1657228971.962468 -0.121184438 -0.225691915 -0.185096994 -0.000296206 0.000009473 0.000332170 0.999999881
1657228971.996001 -0.120712951 -0.225240886 -0.185158774 -0.000275044 0.000027335 0.000264891 0.999999940
1657228972.029438 -0.120586157 -0.224715918 -0.185521170 -0.000280855 0.000027943 0.000253816 0.999999940
1657228972.062859 -0.121655449 -0.224622935 -0.185217679 -0.000267422 0.000020205 0.000251742 0.999999940
1657228972.096260 -0.121655360 -0.224622861 -0.185217634 -0.000260438 0.000019664 0.000216535 0.999999940
1657228972.129448 -0.121445991 -0.224075973 -0.185086414 -0.000288142 0.000009151 0.000202728 0.999999940
1657228972.162561 -0.122034334 -0.223645046 -0.184966072 -0.000316291 0.000004624 0.000189677 0.999999940
1657228972.195919 -0.122102186 -0.223267183 -0.185388491 -0.000367066 -0.000010940 0.000266099 0.999999881
1657228972.229367 -0.120979048 -0.220828548 -0.186312228 -0.000383941 -0.000015723 0.000341721 0.999999881
1657228972.262847 -0.120979048 -0.220828518 -0.186312228 -0.000375979 -0.000013105 0.000325346 0.999999881
1657228972.296379 -0.121236213 -0.220246881 -0.186536461 -0.000373118 -0.000033570 0.000356833 0.999999881
1657228972.329304 -0.121408172 -0.220368817 -0.186197862 -0.000357247 -0.000030628 0.000326858 0.999999881
1657228972.362751 -0.121197581 -0.218629032 -0.187139109 -0.000357450 -0.000028816 0.000360142 0.999999881
1657228972.396274 -0.121197581 -0.218629017 -0.187139109 -0.000358671 -0.000029264 0.000359575 0.999999881
1657228972.429335 -0.121159136 -0.218549639 -0.187144309 -0.000370750 -0.000024487 0.000359048 0.999999881
1657228972.462749 -0.121260583 -0.218402818 -0.186890647 -0.000396441 -0.000023467 0.000391090 0.999999821
1657228972.496002 -0.178304702 -0.159250483 -0.213165835 -0.000427328 -0.000027578 0.000423294 0.999999821
1657228972.529419 -0.178885996 -0.159318313 -0.212163791 -0.000441187 -0.000037749 0.000463269 0.999999762
1657228972.563049 -0.178885743 -0.159318313 -0.212163761 -0.000418369 -0.000037302 0.000404397 0.999999821
1657228972.596376 -0.178318188 -0.159277231 -0.212714106 -0.000393824 -0.000024839 0.000320790 0.999999881
1657228972.629432 -0.178033352 -0.159053206 -0.212235898 -0.000398226 -0.000016951 0.000343694 0.999999881
1657228972.663021 -0.177721068 -0.159207702 -0.212277591 -0.000376324 0.000005369 0.000283402 0.999999881
1657228972.696341 -0.177241057 -0.158827245 -0.212566555 -0.000393815 0.000014184 0.000284940 0.999999881
1657228972.729875 -0.176616430 -0.159164041 -0.211846337 -0.000402945 0.000011561 0.000301815 0.999999881
1657228972.763485 -0.176616341 -0.159164116 -0.211846352 -0.000393055 0.000014279 0.000284927 0.999999881
1657228972.796467 -0.176552668 -0.158497587 -0.212339699 -0.000398047 0.000016169 0.000226853 0.999999881
1657228972.829493 -0.176552624 -0.158497602 -0.212339714 -0.000401696 0.000021858 0.000215997 0.999999881
1657228972.862887 -0.176552609 -0.158497602 -0.212339699 -0.000401194 0.000028480 0.000216969 0.999999881
1657228972.896149 -0.176552609 -0.158497617 -0.212339699 -0.000398258 0.000031084 0.000224657 0.999999881
1657228972.929842 -0.176552609 -0.158497557 -0.212339729 -0.000407464 0.000027477 0.000220849 0.999999881
1657228972.963026 -0.178005785 -0.159247443 -0.210944831 -0.000402892 0.000030869 0.000266570 0.999999881
1657228972.996766 -0.183084846 -0.163543060 -0.208417863 -0.000369924 0.000050631 0.000165213 0.999999881
1657228973.029797 -0.183084831 -0.163543075 -0.208417863 -0.000369736 0.000057717 0.000175707 0.999999881
1657228973.062950 -0.182238892 -0.163300663 -0.208647415 -0.000358098 0.000070798 0.000116981 0.999999940
1657228973.096477 -0.180706218 -0.163758039 -0.207893297 -0.000376890 0.000058812 0.000150340 0.999999881
1657228973.130517 -0.181098670 -0.162605375 -0.208338425 -0.000390312 0.000045924 0.000169877 0.999999881
1657228973.162883 -0.181193590 -0.162637129 -0.208057046 -0.000384795 0.000047543 0.000186926 0.999999881
1657228973.196160 -0.179475337 -0.162931025 -0.207418934 -0.000388806 0.000043121 0.000213892 0.999999881
1657228973.229860 -0.179718629 -0.162990823 -0.207218647 -0.000424007 0.000047974 0.000303263 0.999999881
1657228973.262820 -0.179718629 -0.162990823 -0.207218647 -0.000424007 0.000047974 0.000303263 0.999999881
1657228973.296587 -0.179517567 -0.162489474 -0.207511738 -0.000462373 0.000054096 0.000348253 0.999999821
1657228973.329803 -0.177724957 -0.163183317 -0.207646921 -0.000453492 0.000068012 0.000359476 0.999999821
1657228973.363103 -0.178916484 -0.165497884 -0.204861894 -0.000469147 0.000061841 0.000411481 0.999999821
1657228973.396249 -0.179080591 -0.165766299 -0.204357117 -0.000449949 0.000060761 0.000407183 0.999999821
1657228973.430590 -0.178716972 -0.167822018 -0.202586845 -0.000455441 0.000056332 0.000454428 0.999999762
1657228973.463327 -0.178354591 -0.168223038 -0.202502146 -0.000499291 0.000061846 0.000576613 0.999999702
1657228973.496559 -0.177648157 -0.168737873 -0.202757075 -0.000488930 0.000055203 0.000571233 0.999999702
1657228973.529740 -0.177311063 -0.167970806 -0.203154698 -0.000521025 0.000049109 0.000618829 0.999999642
1657228973.563164 -0.178089678 -0.169302166 -0.200911894 -0.000491947 0.000064105 0.000599067 0.999999702
1657228973.596995 -0.177765325 -0.169295713 -0.200593367 -0.000479752 0.000075946 0.000635565 0.999999702
1657228973.629878 -0.177494794 -0.169154346 -0.201119170 -0.000485189 0.000056796 0.000634020 0.999999702
1657228973.663341 -0.176679686 -0.169356987 -0.201320514 -0.000468245 0.000037971 0.000594244 0.999999702
1657228973.696355 -0.176257163 -0.168988615 -0.201665431 -0.000508303 0.000025295 0.000634099 0.999999642
1657228973.729606 -0.176217169 -0.168777585 -0.202020243 -0.000556271 0.000003192 0.000712106 0.999999583
1657228973.763042 -0.179577857 -0.171006963 -0.203122348 -0.000548107 -0.000009783 0.000730629 0.999999583
1657228973.797567 -0.179351404 -0.170852169 -0.203306422 -0.000579343 -0.000015853 0.000753815 0.999999523
1657228973.829830 -0.178170815 -0.170852542 -0.203792632 -0.000568559 -0.000016009 0.000726770 0.999999583
1657228973.863137 -0.177703872 -0.170811221 -0.203666478 -0.000539439 -0.000024490 0.000681687 0.999999642
1657228973.896693 -0.177130848 -0.170433134 -0.204244822 -0.000536611 -0.000044062 0.000654455 0.999999642
1657228973.929774 -0.177017421 -0.170470387 -0.204341248 -0.000545155 -0.000059024 0.000661116 0.999999642
1657228973.963195 -0.176655307 -0.170693740 -0.204220578 -0.000551196 -0.000065128 0.000660912 0.999999642
1657228973.996539 -0.176368013 -0.170394212 -0.204465613 -0.000551158 -0.000073117 0.000649556 0.999999642
1657228974.029736 -0.175891623 -0.170145139 -0.205001757 -0.000577575 -0.000075128 0.000673738 0.999999583
1657228974.063220 -0.176167011 -0.169557080 -0.204859108 -0.000579486 -0.000083047 0.000635919 0.999999642
1657228974.096714 -0.176626801 -0.169147775 -0.204799980 -0.000593698 -0.000091802 0.000631924 0.999999642
1657228974.129820 -0.176105216 -0.167195335 -0.206607476 -0.000623727 -0.000100499 0.000675074 0.999999583
1657228974.163321 -0.175669178 -0.166483968 -0.207018778 -0.000641912 -0.000114795 0.000720005 0.999999523
1657228974.196986 -0.178181231 -0.166394040 -0.206033513 -0.000626063 -0.000109586 0.000713293 0.999999523
1657228974.230695 -0.178488433 -0.165807337 -0.205925792 -0.000648855 -0.000091883 0.000705609 0.999999523
1657228974.263494 -0.178039610 -0.165189475 -0.206102431 -0.000641552 -0.000073514 0.000659558 0.999999583
1657228974.297202 -0.177986488 -0.164881378 -0.205224454 -0.000618851 -0.000071075 0.000632252 0.999999583
1657228974.329901 -0.178066850 -0.164645746 -0.205719933 -0.000643492 -0.000058584 0.000629392 0.999999583
1657228974.363278 -0.177257419 -0.164200306 -0.205720618 -0.000653829 -0.000049762 0.000606830 0.999999583
1657228974.396753 -0.176992282 -0.164153054 -0.205643684 -0.000639281 -0.000037988 0.000561229 0.999999642
1657228974.430150 -0.176386267 -0.163931102 -0.206085220 -0.000669239 -0.000014699 0.000580029 0.999999583
1657228974.463526 -0.175097048 -0.163008660 -0.206750587 -0.000681883 0.000000713 0.000532204 0.999999642
1657228974.496629 -0.174194336 -0.162462533 -0.207240075 -0.000702349 0.000008700 0.000528805 0.999999583
1657228974.529978 -0.172919288 -0.162356973 -0.207892776 -0.000707466 0.000027085 0.000517481 0.999999583
1657228974.563661 -0.172396615 -0.162507400 -0.208098397 -0.000680057 0.000050336 0.000474595 0.999999642
1657228974.596962 -0.171790034 -0.161836207 -0.208538398 -0.000682567 0.000075388 0.000475609 0.999999642
1657228974.630072 -0.167978600 -0.160408765 -0.209892407 -0.000670881 0.000090153 0.000412700 0.999999702
1657228974.663351 -0.167085811 -0.160321057 -0.210510463 -0.000669490 0.000094272 0.000346366 0.999999702
1657228974.697268 -0.166367233 -0.160209224 -0.210738450 -0.000673209 0.000108048 0.000298245 0.999999702
1657228974.730071 -0.164999902 -0.159805715 -0.211183533 -0.000655058 0.000128467 0.000228484 0.999999762
1657228974.763397 -0.164596081 -0.159945920 -0.211302653 -0.000646707 0.000141108 0.000222869 0.999999762
1657228974.797912 -0.164459616 -0.159982696 -0.211299673 -0.000651619 0.000145199 0.000228485 0.999999762
1657228974.830160 -0.163931325 -0.159895793 -0.212109298 -0.000692058 0.000144711 0.000276796 0.999999702
1657228974.863789 -0.163839102 -0.159489051 -0.212108031 -0.000733257 0.000134424 0.000338898 0.999999642
1657228974.897266 -0.161865905 -0.157885388 -0.212284997 -0.000726363 0.000145128 0.000302528 0.999999702
1657228974.930318 -0.161349237 -0.157497332 -0.212502033 -0.000755842 0.000136490 0.000344293 0.999999642
1657228974.964285 -0.161222160 -0.157197595 -0.212773666 -0.000771098 0.000134950 0.000378516 0.999999642
1657228974.996730 -0.160981730 -0.157120675 -0.214318961 -0.000790304 0.000124683 0.000406761 0.999999583
1657228975.030089 -0.161045000 -0.157039806 -0.214010954 -0.000760589 0.000124061 0.000359043 0.999999642
1657228975.063732 -0.158815965 -0.157863930 -0.214933038 -0.000742122 0.000120640 0.000336661 0.999999642
1657228975.096979 -0.158378869 -0.157538116 -0.214818612 -0.000704728 0.000142458 0.000259817 0.999999702
1657228975.130122 -0.157350078 -0.157574236 -0.215701222 -0.000746208 0.000152738 0.000314437 0.999999642
1657228975.163472 -0.157281965 -0.157978565 -0.215534031 -0.000735864 0.000156116 0.000305525 0.999999642
1657228975.198338 -0.157045111 -0.158533335 -0.215234905 -0.000679209 0.000162839 0.000225892 0.999999702
1657228975.230292 -0.154850066 -0.161423862 -0.213946357 -0.000643702 0.000153291 0.000168359 0.999999762
1657228975.263653 -0.154766813 -0.161297590 -0.213645428 -0.000642578 0.000150846 0.000199143 0.999999762
1657228975.297376 -0.154679760 -0.161625296 -0.213652089 -0.000661182 0.000144729 0.000221436 0.999999762
1657228975.330259 -0.151664272 -0.160616711 -0.215816155 -0.000651470 0.000144944 0.000181971 0.999999762
1657228975.364097 -0.151758850 -0.160794869 -0.215815946 -0.000663900 0.000136501 0.000218652 0.999999762
1657228975.397000 -0.151758865 -0.160794869 -0.215815961 -0.000665180 0.000134202 0.000228262 0.999999762
1657228975.430424 -0.151835203 -0.160974503 -0.215857983 -0.000672606 0.000122521 0.000243839 0.999999762
1657228975.463746 -0.106554449 -0.182955980 -0.260364324 -0.000702777 0.000106460 0.000270255 0.999999702
1657228975.496803 -0.106591560 -0.182983056 -0.260399252 -0.000701865 0.000103693 0.000275141 0.999999702
1657228975.530235 -0.106591173 -0.182983279 -0.260399252 -0.000697298 0.000109912 0.000291064 0.999999702
1657228975.563720 -0.107133359 -0.182792395 -0.260531843 -0.000692250 0.000114329 0.000283847 0.999999702
1657228975.597086 -0.107015766 -0.182545632 -0.261035621 -0.000713171 0.000123023 0.000302522 0.999999702
1657228975.630455 -0.106710903 -0.182645604 -0.261128426 -0.000718895 0.000110780 0.000302861 0.999999702
1657228975.663767 -0.106842570 -0.182424873 -0.261198342 -0.000723577 0.000110242 0.000310575 0.999999702
1657228975.697083 -0.106894031 -0.182496905 -0.261309892 -0.000722941 0.000107268 0.000293588 0.999999702
1657228975.730305 -0.107011363 -0.182501152 -0.261610121 -0.000735031 0.000096429 0.000294010 0.999999702
1657228975.763851 -0.106973231 -0.182539076 -0.261716843 -0.000730957 0.000100637 0.000289302 0.999999702
1657228975.797968 -0.104702309 -0.182915717 -0.264395565 -0.000730447 0.000089313 0.000305972 0.999999702
1657228975.830545 -0.104733080 -0.183188841 -0.264461875 -0.000718803 0.000076627 0.000298990 0.999999702
1657228975.863948 -0.099859670 -0.208291158 -0.245982245 -0.000705674 0.000071640 0.000266037 0.999999702
1657228975.897399 -0.099790402 -0.208533868 -0.245902777 -0.000693773 0.000076028 0.000260168 0.999999702
1657228975.930336 -0.099684559 -0.208664984 -0.246069923 -0.000697089 0.000082828 0.000262538 0.999999702
1657228975.963941 -0.099418685 -0.208785877 -0.246106789 -0.000667890 0.000091238 0.000197657 0.999999762
1657228975.997267 -0.099101491 -0.208942741 -0.246140093 -0.000646727 0.000101992 0.000168416 0.999999762
1657228976.030686 -0.098890916 -0.209153995 -0.246192262 -0.000632197 0.000115429 0.000118085 0.999999762
1657228976.063916 -0.098661043 -0.209325269 -0.246349558 -0.000618016 0.000116104 0.000121179 0.999999821
1657228976.097146 -0.098843440 -0.209332436 -0.246007696 -0.000607650 0.000132938 0.000104862 0.999999821
1657228976.130662 -0.099020459 -0.209392220 -0.246087119 -0.000624974 0.000136518 0.000126978 0.999999762
1657228976.163692 -0.099209569 -0.209523335 -0.245966434 -0.000618294 0.000135706 0.000134866 0.999999821
1657228976.197169 -0.069266722 -0.279222578 -0.266941607 -0.000630491 0.000128011 0.000138037 0.999999762
1657228976.230705 -0.069213867 -0.279234916 -0.266959429 -0.000617152 0.000129415 0.000123478 0.999999821
1657228976.263782 -0.069135338 -0.279293686 -0.266779840 -0.000614317 0.000132188 0.000121907 0.999999821
1657228976.297527 -0.069135338 -0.279293716 -0.266779840 -0.000610092 0.000134954 0.000125356 0.999999821
1657228976.330542 -0.068995774 -0.279468775 -0.266962707 -0.000609354 0.000136663 0.000109492 0.999999821
1657228976.363849 -0.068711713 -0.279827267 -0.267196476 -0.000592759 0.000152837 0.000113944 0.999999821
1657228976.397276 -0.068588451 -0.279977232 -0.267261475 -0.000574203 0.000166140 0.000058681 0.999999821
1657228976.430614 -0.067998901 -0.280197650 -0.267514288 -0.000557507 0.000183022 0.000020256 0.999999821
1657228976.464587 -0.066854291 -0.280043840 -0.268193722 -0.000523997 0.000212762 -0.000076730 0.999999821
1657228976.497309 -0.065732740 -0.279809326 -0.268808424 -0.000483891 0.000219342 -0.000192540 0.999999821
1657228976.530474 -0.064734660 -0.279914409 -0.269484282 -0.000445939 0.000245178 -0.000280196 0.999999821
1657228976.563815 -0.064451426 -0.280212373 -0.269494951 -0.000415787 0.000262134 -0.000332428 0.999999821
1657228976.597258 -0.063816510 -0.280197382 -0.269717366 -0.000387074 0.000277345 -0.000409606 0.999999821
1657228976.630383 -0.063550554 -0.280280620 -0.269878358 -0.000364847 0.000286660 -0.000460912 0.999999762
1657228976.663658 -0.062911846 -0.280210346 -0.270182490 -0.000329933 0.000285067 -0.000526524 0.999999762
1657228976.697391 -0.062471502 -0.280059993 -0.270372838 -0.000294680 0.000281027 -0.000626345 0.999999702
1657228976.730848 -0.062190734 -0.280098945 -0.270625800 -0.000270408 0.000275905 -0.000672838 0.999999702
1657228976.764646 -0.061955538 -0.279968739 -0.270916760 -0.000249972 0.000277957 -0.000733347 0.999999642
1657228976.798099 -0.061863244 -0.279894143 -0.270736367 -0.000215585 0.000269360 -0.000800440 0.999999642
1657228976.830857 -0.061796892 -0.279887378 -0.271022797 -0.000226670 0.000272320 -0.000803941 0.999999642
1657228976.864186 -0.061394688 -0.278698534 -0.270719111 -0.000213350 0.000271690 -0.000836386 0.999999583
1657228976.897636 -0.061072778 -0.278682768 -0.271476328 -0.000201940 0.000268015 -0.000848393 0.999999583
1657228976.930599 -0.060823068 -0.278637707 -0.271813780 -0.000188464 0.000260174 -0.000894161 0.999999523
1657228976.964334 -0.060536508 -0.278574109 -0.272046179 -0.000166237 0.000251416 -0.000945966 0.999999523
1657228976.997453 -0.060823038 -0.278303027 -0.272078931 -0.000157741 0.000244398 -0.000953913 0.999999523
1657228977.030769 -0.060736958 -0.278117001 -0.272145778 -0.000160851 0.000242532 -0.000964015 0.999999464
1657228977.064052 -0.060792591 -0.278055072 -0.272275329 -0.000150775 0.000247118 -0.000987211 0.999999464
1657228977.097923 -0.060785674 -0.278134614 -0.272124946 -0.000155659 0.000243058 -0.000994423 0.999999464
1657228977.131178 -0.059969977 -0.278602719 -0.272710174 -0.000149872 0.000236308 -0.000978047 0.999999464
1657228977.164611 -0.060032837 -0.278625578 -0.272621959 -0.000156311 0.000234866 -0.000995823 0.999999464
1657228977.197682 -0.060423452 -0.279163569 -0.272553921 -0.000171396 0.000243096 -0.000957868 0.999999464
1657228977.230803 -0.060510982 -0.279148370 -0.272257179 -0.000175584 0.000249391 -0.000897024 0.999999523
1657228977.264126 -0.059811782 -0.279472649 -0.272067845 -0.000203130 0.000256838 -0.000802563 0.999999642
1657228977.297605 -0.059817314 -0.279535174 -0.272202253 -0.000214272 0.000262049 -0.000806064 0.999999642
1657228977.330955 -0.059712239 -0.279642552 -0.272083253 -0.000236531 0.000256734 -0.000768967 0.999999642
1657228977.364029 -0.059902694 -0.279763043 -0.271644592 -0.000254643 0.000266080 -0.000722037 0.999999642
1657228977.397415 -0.060580932 -0.279838353 -0.270840436 -0.000280312 0.000259700 -0.000652437 0.999999702
1657228977.430761 -0.060733300 -0.279858053 -0.270691365 -0.000339425 0.000252366 -0.000557285 0.999999762
1657228977.464124 -0.061084136 -0.279687792 -0.270560771 -0.000376927 0.000234114 -0.000501588 0.999999762
1657228977.497478 -0.062333878 -0.280009985 -0.269440979 -0.000381841 0.000220588 -0.000475499 0.999999762
1657228977.530805 -0.064933583 -0.279966444 -0.268874496 -0.000403678 0.000194502 -0.000413890 0.999999821
1657228977.564487 -0.065296181 -0.279763609 -0.268822253 -0.000432267 0.000185805 -0.000407736 0.999999821
1657228977.597535 -0.065875828 -0.279698342 -0.268510997 -0.000454161 0.000168669 -0.000348977 0.999999821
1657228977.630847 -0.066104226 -0.279459804 -0.268503457 -0.000461105 0.000155696 -0.000321698 0.999999821
1657228977.664121 -0.201132327 -0.327228844 -0.314982802 -0.000477017 0.000166681 -0.000339125 0.999999821
1657228977.697659 -0.481871784 -0.237161323 -0.239862353 -0.000468002 0.000195780 -0.000349158 0.999999821
1657228977.730707 -0.481972486 -0.236710340 -0.239642188 -0.000474217 0.000188214 -0.000354521 0.999999821
1657228977.764127 -0.482297301 -0.236301675 -0.239482999 -0.000477433 0.000173130 -0.000375388 0.999999821
1657228977.797685 -0.482588023 -0.235715523 -0.239836410 -0.000518300 0.000155018 -0.000293736 0.999999821
1657228977.831126 -0.482995838 -0.235534236 -0.239551395 -0.000528835 0.000147395 -0.000291150 0.999999821
1657228977.864580 -0.480667442 -0.235902920 -0.239181072 -0.000529122 0.000127795 -0.000305599 0.999999821
1657228977.897988 -0.481400818 -0.235329479 -0.239172071 -0.000562033 0.000105309 -0.000288316 0.999999821
1657228977.931037 -0.478648067 -0.233296275 -0.239891127 -0.000541187 0.000084712 -0.000327997 0.999999821
1657228977.964603 -0.478163451 -0.232936412 -0.240243986 -0.000576664 0.000049859 -0.000284054 0.999999762
1657228977.997607 -0.477990836 -0.232301742 -0.240412354 -0.000636379 0.000034405 -0.000236961 0.999999762
1657228978.030833 -0.477355897 -0.231958970 -0.241051823 -0.000662182 0.000030344 -0.000237895 0.999999762
1657228978.064611 -0.476920187 -0.232289478 -0.241547599 -0.000678523 0.000002231 -0.000246226 0.999999762
1657228978.097783 -0.475974619 -0.231740966 -0.242432967 -0.000736855 -0.000018481 -0.000131177 0.999999702
1657228978.131125 -0.473114133 -0.230365098 -0.243517503 -0.000743632 -0.000042157 -0.000078823 0.999999702
1657228978.164538 -0.309286952 -0.105584756 -0.374687880 -0.000743480 -0.000106128 -0.000060717 0.999999702
1657228978.197592 -0.308993876 -0.105208635 -0.375396281 -0.000797346 -0.000137971 0.000031997 0.999999642
1657228978.231285 -0.308469057 -0.104887202 -0.376083016 -0.000845785 -0.000170222 -0.000003645 0.999999642
1657228978.264406 -0.307459176 -0.104528576 -0.375671417 -0.000883873 -0.000201658 0.000097579 0.999999583
1657228978.297843 -0.306553572 -0.104026906 -0.376398027 -0.000928409 -0.000231051 0.000225339 0.999999523
1657228978.331200 -0.303070277 -0.105165124 -0.382300973 -0.000943567 -0.000273659 0.000213732 0.999999523
1657228978.364161 -0.302351147 -0.105234131 -0.383289188 -0.000940572 -0.000325609 0.000235205 0.999999464
1657228978.397780 -0.302351117 -0.105234109 -0.383289188 -0.000974341 -0.000331293 0.000226366 0.999999464
1657228978.431003 -0.302021086 -0.104962237 -0.383549124 -0.001004419 -0.000343098 0.000223493 0.999999404
1657228978.464519 -0.606261313 -0.016155748 -0.591387630 -0.001001242 -0.000266599 0.000213645 0.999999464
1657228978.497744 -0.605967343 -0.016743150 -0.593924642 -0.001044381 -0.000292178 0.000275682 0.999999404
1657228978.531150 -0.605473995 -0.013989976 -0.597239435 -0.001072231 -0.000315354 0.000290998 0.999999344
1657228978.564379 -0.600887001 -0.010367510 -0.593149841 -0.001118977 -0.000327733 0.000350879 0.999999225
1657228978.598094 -0.609762430 -0.009804065 -0.599531949 -0.001141095 -0.000380756 0.000312553 0.999999225
1657228978.631405 -0.753441751 0.246871814 -0.424858034 -0.001121052 -0.000426005 0.000290029 0.999999225
1657228978.664737 -0.753654003 0.247526780 -0.425027341 -0.001144028 -0.000468108 0.000308577 0.999999166
1657228978.700496 -0.753746152 0.248625308 -0.424919724 -0.001158311 -0.000496270 0.000292524 0.999999166
1657228978.731351 -0.754277349 0.248943776 -0.424543738 -0.001220768 -0.000520279 0.000313115 0.999999046
1657228978.764287 -0.754048467 0.251230985 -0.424524963 -0.001228006 -0.000543101 0.000321185 0.999999046
1657228978.797645 -0.754109204 0.250702024 -0.424949735 -0.001181544 -0.000519020 0.000257565 0.999999106
1657228978.831012 -0.754273474 0.250393599 -0.425915539 -0.001126873 -0.000474020 0.000222227 0.999999225
1657228978.864321 -0.754109621 0.249660760 -0.425956905 -0.001092273 -0.000453956 0.000212213 0.999999285
1657228978.897980 -0.754365027 0.249155104 -0.425628185 -0.001048110 -0.000441626 0.000156911 0.999999344
1657228978.931092 -0.754124641 0.249174789 -0.425405681 -0.001018905 -0.000399211 0.000163456 0.999999404
1657228978.964431 -0.753794312 0.248684451 -0.424827516 -0.000915076 -0.000348754 0.000080229 0.999999523
1657228978.998491 -0.755001605 0.248122796 -0.426735789 -0.000868071 -0.000271829 0.000046541 0.999999583
1657228979.031993 -0.754721701 0.248349249 -0.426160157 -0.000819150 -0.000210526 -0.000049790 0.999999642
1657228979.064563 -0.755290866 0.247941822 -0.425807029 -0.000780009 -0.000174203 -0.000040357 0.999999702
1657228979.098300 -0.755698681 0.248006433 -0.425784886 -0.000737586 -0.000145420 -0.000070939 0.999999702
1657228979.131609 -0.755686641 0.247522876 -0.425479978 -0.000638891 -0.000083981 -0.000170117 0.999999762
1657228979.164532 -0.755857170 0.247071877 -0.424860358 -0.000570583 -0.000022350 -0.000209510 0.999999821
1657228979.197915 -0.755842984 0.246775687 -0.423811525 -0.000473808 0.000046827 -0.000304609 0.999999821
1657228979.231388 -0.755200207 0.246231318 -0.423589587 -0.000365960 0.000093703 -0.000450750 0.999999821
1657228979.265054 -0.754217446 0.246312201 -0.422944367 -0.000301664 0.000172094 -0.000481226 0.999999821
1657228979.298480 -0.399507433 0.293821841 0.006112908 -0.000284471 0.000085203 -0.000426015 0.999999881
1657228979.331480 -0.400084347 0.291599333 0.008319099 -0.000231583 0.000105942 -0.000480291 0.999999821
1657228979.365049 -0.400063783 0.291051745 0.008571845 -0.000167762 0.000139627 -0.000612885 0.999999762
1657228979.398576 -0.399849683 0.291159421 0.008501492 -0.000103797 0.000183355 -0.000724156 0.999999702
1657228979.431504 -0.399849117 0.291150838 0.008529263 -0.000073931 0.000236202 -0.000720493 0.999999702
1657228979.464880 -0.400215477 0.290755183 0.009071270 -0.000003717 0.000278433 -0.000820432 0.999999642
1657228979.498450 -0.399573833 0.290155113 0.009156794 0.000094635 0.000305776 -0.000978434 0.999999464
1657228979.531194 -0.400766283 0.288754821 0.010414524 0.000112853 0.000347869 -0.000982004 0.999999464
1657228979.564645 -0.400360703 0.288101912 0.010708502 0.000141134 0.000359728 -0.001012399 0.999999404
1657228979.597968 -0.400321603 0.287756294 0.010949470 0.000217531 0.000395144 -0.001160889 0.999999225
1657228979.631429 -0.401042044 0.287319005 0.011488928 0.000265368 0.000414836 -0.001204245 0.999999166
1657228979.664621 -0.400951028 0.286971092 0.011596194 0.000289751 0.000435587 -0.001210227 0.999999106
1657228979.698901 -0.400234938 0.286762714 0.011099502 0.000279194 0.000439294 -0.001211229 0.999999106
1657228979.731352 -0.399382055 0.285277188 0.010514441 0.000294380 0.000452141 -0.001248726 0.999999046
1657228979.765308 -0.399345458 0.284898877 0.010817238 0.000331967 0.000468446 -0.001318264 0.999998987
1657228979.798315 -0.453544289 -0.391324997 -0.273185432 0.000197898 0.000525192 -0.001305724 0.999998987
1657228979.831312 -0.453416705 -0.391222447 -0.273138791 0.000230709 0.000536410 -0.001374150 0.999998868
1657228979.864646 -0.453242987 -0.391519547 -0.273023486 0.000246038 0.000536897 -0.001394496 0.999998868
1657228979.898076 -0.450585723 -0.389782995 -0.276796699 0.000199173 0.000520124 -0.001362185 0.999998927
1657228979.931640 -0.450288892 -0.389312238 -0.277320713 0.000154780 0.000517662 -0.001319611 0.999998987
1657228979.964599 -0.450414866 -0.389376163 -0.277211040 0.000158828 0.000526946 -0.001309117 0.999998987
1657228979.998234 -0.450433314 -0.389340818 -0.277241379 0.000160925 0.000530739 -0.001334645 0.999998927
1657228980.032313 -0.450967699 -0.388705045 -0.277383178 0.000160238 0.000524406 -0.001360038 0.999998927
1657228980.064853 -0.450408280 -0.388358504 -0.278103381 0.000151050 0.000517250 -0.001368526 0.999998927
1657228980.098774 -0.450969636 -0.386833638 -0.279774666 0.000147807 0.000511491 -0.001385279 0.999998868
1657228980.131748 -0.450989634 -0.386804730 -0.279873282 0.000142038 0.000511491 -0.001385420 0.999998927
1657228980.164764 -0.450695723 -0.386605293 -0.279884160 0.000147060 0.000513496 -0.001389790 0.999998868
1657228980.198092 -0.450695783 -0.386605293 -0.279884130 0.000148536 0.000519608 -0.001381582 0.999998868
1657228980.231623 -0.450092942 -0.386371136 -0.280652344 0.000144070 0.000507686 -0.001382303 0.999998927
1657228980.264902 -0.449664950 -0.386640131 -0.281089455 0.000152549 0.000513792 -0.001383939 0.999998868
1657228980.298497 -0.450173974 -0.387334734 -0.280396342 0.000153700 0.000513634 -0.001372400 0.999998927
1657228980.331524 -0.450291932 -0.387224704 -0.280493140 0.000160588 0.000509276 -0.001389247 0.999998868
1657228980.365204 -0.450195819 -0.386927575 -0.280683607 0.000149923 0.000510589 -0.001373492 0.999998927
1657228980.398542 -0.450228959 -0.387060314 -0.280571043 0.000133968 0.000513527 -0.001357328 0.999998927
1657228980.431856 -0.450107694 -0.387106597 -0.280642837 0.000121524 0.000512152 -0.001326066 0.999998987
1657228980.465200 -0.450107694 -0.387106597 -0.280642837 0.000128734 0.000509326 -0.001333979 0.999998987
1657228980.498534 -0.451046497 -0.379140258 -0.318288416 0.000122593 0.000504280 -0.001331458 0.999998987
1657228980.531830 -0.451224685 -0.379762799 -0.318575084 0.000114993 0.000513612 -0.001320409 0.999998987
1657228980.565276 -0.451276392 -0.379885316 -0.318553209 0.000121851 0.000509695 -0.001330509 0.999998987
1657228980.598424 -0.451081067 -0.379873455 -0.318592459 0.000104116 0.000511218 -0.001296842 0.999999046
1657228980.631693 -0.451184779 -0.380006969 -0.318487018 0.000108883 0.000509997 -0.001304249 0.999998987
